0.0 1761.2292036162266 1839.061545549732 7651.15031137398 6857.547969550425 2012.662402689603 4813.043048642882 2162.1432359035493 1479.4485440026451 5136.91131704071 4690.110075357172 5952.524792738948 6404.03193252773 5675.2536560536555 2238.1391201828924 5443.4690974915375 5860.570756295336 7146.307313655624 5808.745602246958 1450.1914241824259 
1761.2292036162266 0.0 3345.2737768856396 6424.466026120695 6021.250444303272 1249.8070296101312 3643.596673695226 641.997189308668 3056.466123438245 6024.210295718826 3525.6778974886356 4282.991309522342 4936.354535239466 4112.47353650727 3733.012753904138 4589.931964381443 4105.709229530199 5385.414116422285 5917.796167666664 2326.7085432930558 
1839.061545549732 3345.2737768856396 0.0 9488.810460400951 8667.19624697965 2923.5001720112273 5346.877236679664 3500.2937892127156 381.48409651996167 6053.088175271448 5232.894133950672 7628.256062336252 8197.548692155231 6628.629279790932 400.72632385352586 7265.10981809142 7231.719221818241 8558.093572404949 7288.911684004996 1290.3905501884317 
7651.15031137398 6424.466026120695 9488.810460400951 0.0 1940.3625853119056 7525.79802830384 8368.984857753316 6675.089481388146 9129.893973047414 7717.301987117144 8313.22633618268 3405.2688883220653 1922.1677818095252 7251.942327198299 9888.722881326645 2565.190634969265 5427.448130533655 5309.455904608098 5321.597027603475 8709.069903643716 
6857.547969550425 6021.250444303272 8667.19624697965 1940.3625853119056 0.0 7243.700558057545 8709.83828098104 6435.756145598716 8289.879835008136 5930.888310686571 8630.993595267102 4391.415319108265 3019.676556038575 7938.511273838616 9055.11736907527 1437.5010816438164 6325.068247749587 6570.83934822409 3425.014028732719 8115.684213774175 
2012.662402689603 1249.8070296101312 2923.5001720112273 7525.79802830384 7243.700558057545 0.0 2802.5546609595303 851.5347957777524 2754.463329807182 6953.456275421148 2679.5590775644214 5026.165471620399 5910.351309447659 3766.2540843840243 3251.9048427869247 5819.1576074101895 4336.978098281384 5669.136992450421 7104.2452331514005 1659.8923726301362 
4813.043048642882 3643.596673695226 5346.877236679664 8368.984857753316 8709.83828098104 2802.5546609595303 0.0 3001.729098775503 5299.307570138075 9655.89964712377 122.99852761065394 5123.131028381748 6478.959559770193 1765.4624754493527 5571.5235354216065 7421.973405031949 3437.163719275545 4558.430830300414 9427.165885422977 4091.9117549897064 
2162.1432359035493 641.997189308668 3500.2937892127156 6675.089481388146 6435.756145598716 851.5347957777524 3001.729098775503 0.0 3263.051336757096 6661.987366247302 2883.708919157112 4231.826439645236 5065.367217921914 3549.191161699475 3864.692733439733 5021.7661775664965 3757.3735870654896 5072.755576860022 6528.977272458678 2329.9887746110244 
1479.4485440026451 3056.466123438245 381.48409651996167 9129.893973047414 8289.879835008136 2754.463329807182 5299.307570138075 3263.051336757096 0.0 5744.096178301458 5182.299579751335 7334.459619287122 7864.97362790204 6502.307733402392 766.3244814768977 6890.46578880823 7014.717212983812 8334.80478902441 6920.17198493342 1207.8249949267542 
5136.91131704071 6024.210295718826 6053.088175271448 7717.301987117144 5930.888310686571 6953.456275421148 9655.89964712377 6661.987366247302 5744.096178301458 0.0 9535.895908496446 8286.758822677299 7718.060398372412 9995.055654240461 6274.793652127851 5261.125958042817 9342.146571907135 10305.53538491436 2654.4792491285534 6485.150749748519 
4690.110075357172 3525.6778974886356 5232.894133950672 8313.22633618268 8630.993595267102 2679.5590775644214 122.99852761065394 2883.708919157112 5182.299579751335 9535.895908496446 0.0 5085.822927616493 6428.712201391622 1808.3799986524039 5460.583612292953 7335.929648541668 3433.0464786246575 4576.106612371925 9319.280375116346 3975.214720725507 
5952.524792738948 4282.991309522342 7628.256062336252 3405.2688883220653 4391.415319108265 5026.165471620399 5123.131028381748 4231.826439645236 7334.459619287122 8286.758822677299 5085.822927616493 0.0 1496.1943082193927 3859.141170277817 8014.999621569129 3636.7329406806953 2025.3841226093186 2231.353404636947 6683.0451343686955 6547.297847221899 
6404.03193252773 4936.354535239466 8197.548692155231 1922.1677818095252 3019.676556038575 5910.351309447659 6478.959559770193 5065.367217921914 7864.97362790204 7718.060398372412 6428.712201391622 1496.1943082193927 0.0 5330.0622867768 8596.495800651395 2599.8966687434017 3521.235809584907 3566.886704300056 5755.136605667976 7263.036868458508 
5675.2536560536555 4112.47353650727 6628.629279790932 7251.942327198299 7938.511273838616 3766.2540843840243 1765.4624754493527 3549.191161699475 6502.307733402392 9995.055654240461 1808.3799986524039 3859.141170277817 5330.0622867768 0.0 6913.21189487984 6813.5756208509365 1907.7426857317914 2846.0204128915107 9286.06988292755 5338.239031499029 
2238.1391201828924 3733.012753904138 400.72632385352586 9888.722881326645 9055.11736907527 3251.9048427869247 5571.5235354216065 3864.692733439733 766.3244814768977 6274.793652127851 5460.583612292953 8014.999621569129 8596.495800651395 6913.21189487984 0.0 7656.7391294107865 7578.234948020591 8907.41571242633 7610.317568228693 1595.3358380214663 
5443.4690974915375 4589.931964381443 7265.10981809142 2565.190634969265 1437.5010816438164 5819.1576074101895 7421.973405031949 5021.7661775664965 6890.46578880823 5261.125958042817 7335.929648541668 3636.7329406806953 2599.8966687434017 6813.5756208509365 7656.7391294107865 0.0 5371.935406501552 5866.857594016746 3155.275040411368 6681.772200386406 
5860.570756295336 4105.709229530199 7231.719221818241 5427.448130533655 6325.068247749587 4336.978098281384 3437.163719275545 3757.3735870654896 7014.717212983812 9342.146571907135 3433.0464786246575 2025.3841226093186 3521.235809584907 1907.7426857317914 7578.234948020591 5371.935406501552 0.0 1332.7195604203782 8176.690885813534 5994.5067622158085 
7146.307313655624 5385.414116422285 8558.093572404949 5309.455904608098 6570.83934822409 5669.136992450421 4558.430830300414 5072.755576860022 8334.80478902441 10305.53538491436 4576.106612371925 2231.353404636947 3566.886704300056 2846.0204128915107 8907.41571242633 5866.857594016746 1332.7195604203782 0.0 8877.88881535441 7325.83436142506 
5808.745602246958 5917.796167666664 7288.911684004996 5321.597027603475 3425.014028732719 7104.2452331514005 9427.165885422977 6528.977272458678 6920.17198493342 2654.4792491285534 9319.280375116346 6683.0451343686955 5755.136605667976 9286.06988292755 7610.317568228693 3155.275040411368 8176.690885813534 8877.88881535441 0.0 7257.5792686012455 
1450.1914241824259 2326.7085432930558 1290.3905501884317 8709.069903643716 8115.684213774175 1659.8923726301362 4091.9117549897064 2329.9887746110244 1207.8249949267542 6485.150749748519 3975.214720725507 6547.297847221899 7263.036868458508 5338.239031499029 1595.3358380214663 6681.772200386406 5994.5067622158085 7325.83436142506 7257.5792686012455 0.0 
