0.0 6471.116389981015 2289.703509198634 5139.457091612814 4216.699896581305 5872.78732058201 8038.010745876442 9079.693073496288 7130.209922196199 5860.397493149298 8151.288837314762 1716.9583618165332 7995.504067077649 2802.4393343798565 2070.817498104377 4611.478656160063 7789.799466808915 4547.077619421434 2112.396309088915 4303.850208069004 3694.6614520397366 5049.146745483147 1140.3573698699472 5999.691826405339 4701.450734638843 8238.421028975283 5489.775810972272 5473.8676576885655 2350.3581484478455 2831.3293515909845 319.11268526800944 2126.380807386567 2762.3777355887355 5579.502489527067 5236.998741939025 5795.711894024067 4561.500096470565 3153.240674323682 6491.124883595231 8094.361767010948 3803.4593814304453 4838.97111902613 2037.0492403263072 2401.6498466795515 4033.0774807016764 6256.171330737047 2041.2179991701648 8683.781943006574 3875.257750364923 2910.8366508021977 7547.719486903647 5893.944231957908 6510.852610709041 4549.27111290997 8072.872251774241 4989.416753154051 8074.0412989446695 5410.7226825528005 7542.325207034628 5328.244274697789 5072.818035616626 5708.149402621462 6597.018823165011 6006.13209102298 5670.676412699664 2551.6396766253897 2058.186728562591 513.0055266518757 5198.949813685093 6454.076138069027 4423.473146949471 3563.250984749513 2526.3897626502658 2559.635855584062 4926.257993432174 1544.4164083611688 6122.625811312093 2843.717597296806 5323.45851104336 7755.5227405106925 5264.23174278164 5421.627948787874 2053.9272411297147 7241.935110430381 3540.049444989685 5995.664793242048 1350.9562990960405 8429.424062548373 4795.691873037097 5434.653696987258 4174.694325850029 3913.2419812118433 6018.857182870747 1386.0663361309255 5720.816184539177 3188.385845676799 3151.642121125436 8537.976126029438 6154.66433701499 4718.158682924771 7160.570682736901 1800.0987530235436 6238.2108051237465 7846.448388427932 7343.8718905985215 7255.824709056019 3908.793582257562 8964.845457485559 6801.284381598136 1277.8111074596432 6249.036192203743 3295.5162758582055 4782.597855618316 2913.9648660713283 5170.3666309201 5563.7393851523575 5543.33768119902 6207.9008470384415 4767.378504534766 5558.963594759258 
6471.116389981015 0.0 8678.039940018532 1513.8219482931147 7866.099734096798 6464.802210843635 11255.397884429969 5632.215916045465 1985.4763009105134 6722.414857209842 10971.430558607308 7294.641561151684 7018.823943021958 4468.205842379862 8489.594539661068 9619.655783921324 10070.087571098125 3637.922239360851 7730.516567129131 2662.427126620724 4157.480442116026 9016.013574345754 5807.874283828955 6420.042514714299 5385.137671102394 6095.760238665058 6138.622151534356 4774.6496726009145 8081.79340413772 3982.2607986363346 6757.184903989908 4772.578033223597 9184.808823074958 1148.879615402932 1549.6823367376091 7325.84190493115 2940.1530057483246 9281.490817282483 5430.37693407524 10945.713878379673 3848.514291132058 2711.713360424619 6684.233750643838 4071.1914263252193 9406.018802219334 883.4371035273483 8362.174542471324 6676.5129047908595 4036.4874540980218 6274.064384806917 3024.807585218908 1060.0821494995398 3079.7129616356997 2222.8276268141176 6039.044179332011 7691.948654130697 3231.2903245779075 1142.3535414605699 2725.158153659312 9486.150780547727 8324.475501589513 5115.060218754589 128.35362446125814 2651.0068697283555 9199.643831448278 8984.392768885235 5727.943249533895 6304.167227398019 6397.464705673622 3293.0735894698346 2945.186347491949 8598.613552495623 4102.1888977837225 4090.169813934475 2878.4052509782227 6145.618920422004 10164.72633594763 4164.816661778282 1854.3529819654595 10600.210827157867 8721.394444858852 6002.482237853197 4660.3813598487195 6749.675173038095 3385.073632973017 1581.1089558855167 6656.137745153921 4281.061332673807 8980.186017256474 4184.967863138672 2431.804225955289 2558.759947144271 3353.585546392699 6567.886708322076 1414.7409385531785 3383.5685464223875 7784.917252065565 5938.826032289326 773.2381408636655 7525.5581157161105 693.7272853730573 7812.066327552995 8998.519979599474 8397.234440893473 3496.660801107233 2324.5568879456955 9311.920390502095 6316.758551188743 6068.87274348358 5704.932927648598 2422.1790994029707 4310.480889107338 2087.873930127846 3592.049684976401 6448.989054799196 9983.428695161052 3451.1811278700434 4407.299189989972 7956.4503522442055 1300.0887107429603 
2289.703509198634 8678.039940018532 0.0 7401.050977268615 4040.747770177091 6632.094950460074 7205.602512465529 10533.62893690115 9418.73909067154 6517.753363540783 7496.388188961111 2758.969359706213 8873.964194312883 5037.4637334298 1248.0821703622853 3308.6748286958036 7437.281799642744 6783.918854852439 1608.882954357696 6320.480981417988 5351.028687295169 4368.781293397648 3310.4891550615016 6790.383111859825 5804.215664892958 9435.44358409063 6336.38967501804 6792.335202665528 2723.652651057334 4820.058637332842 2075.839773691122 4388.07874911168 1417.5717425038795 7839.079186232538 7348.516083465116 6191.958879860643 6843.4265958728765 2457.3511699143137 7665.2862451398905 7432.024395826045 6047.394622654822 7124.183420092849 3566.1835252956816 4644.374773517615 2581.595102747027 8378.682945775041 372.00875236345513 9786.464790658742 6094.140787460553 3671.7677090235857 9390.443579923261 8160.033346081918 8280.621509989858 6634.881260282839 9260.967324513553 5069.607327715558 9930.545370812066 7653.558667142664 9440.083218170177 4448.155188251958 4821.638283486929 6926.9642047173775 8805.540159143717 7856.009000465858 5090.0425573544835 370.5987082039961 3382.1161672450826 2374.2177876325613 5917.18465083915 8177.641035585122 6336.347250065372 2618.3431291232587 4606.658909279474 4627.477763758869 6787.034260959022 2784.0297331224456 5140.498119125083 4737.936970987131 7362.593583220439 7142.726251865636 4834.927111766119 6314.985849513882 4338.537614810731 8085.163423978897 5828.511467439023 8281.224005136499 2961.5630298839865 10110.086016113006 4047.7907385543695 6927.458126436707 6303.734839933502 6138.072798780322 7720.840521819048 3056.387649237247 7999.528354859319 5316.2671713198915 2805.281790971324 9824.873019352508 8410.513454287471 4839.218895102831 9371.364761404457 1127.217272523329 5940.449249875092 8210.57318832505 9075.879996352995 9200.955536246773 2468.5141435187825 10218.13460777908 7808.015432145115 3035.5299056271806 8534.844408130375 4981.278976576542 7065.719132993083 5086.420968206997 5864.4183968592615 4458.129822936575 7226.848686782808 7655.317870984745 4655.977424886194 7672.284402961811 
5139.457091612814 1513.8219482931147 7401.050977268615 0.0 7165.172398033262 6352.871375280186 10818.484902977727 6561.113989071658 2191.9342702713966 6569.293725024489 10617.30706575162 5825.466200341419 7373.190629850061 2960.0171985444686 7102.210714861881 8716.94199222268 9806.377669637355 2247.0937965774838 6618.9894417174055 2127.277590967322 3573.5478400132215 8318.344630140115 4376.039921426625 6348.185279360464 5087.237467223903 6694.2058418501965 5971.114389565256 4773.962508091286 6604.8215238476505 2992.5558279728566 5406.717188757629 3305.328837733708 7792.541605209461 440.6392842801237 1482.4399191588889 7066.088516595602 1511.7517593638372 7824.589722677734 5648.855047299491 10583.450141042378 2353.313711870878 1349.197253188644 5186.27429071802 2758.00328238169 8413.434984014237 1844.8325861072929 7107.674963479728 7280.6143689019245 2554.20796942225 5458.6618059719685 4065.7108037818493 761.836414939674 3703.8196714102787 1699.6374267542997 6602.490304846542 7187.639598067206 4404.454537056344 389.84160080733415 3838.550825880003 8768.370328843117 7744.192619742758 5145.084673018921 1618.9873799240431 3122.3211878668703 8608.793294347384 7685.64460353132 4738.30132026289 5040.023377356145 6119.821607411694 3855.324627067651 2568.187104303019 7649.308778090065 2986.8043696493482 2989.973360559992 2781.863784042459 5055.114210875269 9500.309771526681 3238.124673674688 1952.165054951429 10226.975263860442 8120.367551678264 5834.622588683335 3221.0378869084434 6953.713772369727 1876.8551689758535 1076.9935372542664 5194.774396991411 5319.4228407378505 8232.866187599493 4236.686534820586 1609.4012831791642 1324.2313620680789 3730.0292665455263 5103.097054442646 701.8212675759562 2307.7818909627954 6871.706843810611 6652.464305006455 1017.8654443224293 6982.830656219451 2135.3107259299723 6624.036421347552 8571.042132656003 8458.041169059 4354.379097416267 3429.6469901273313 8309.498406821102 7069.897454397281 6270.789887467053 4542.459835436226 1826.368365032972 3589.8275595007794 595.8232507460747 2410.685353441901 6157.3905986927375 9226.631091268398 3619.4351181791217 4697.527229602067 7363.6497226828515 1547.2355481332827 
4216.699896581305 7866.099734096798 4040.747770177091 7165.172398033262 0.0 3019.1221154727955 3925.8371620547778 7454.296404691314 9347.778549372948 2808.2746706858734 3958.309974313675 5822.673706101394 5174.882933586616 6318.051230925886 5083.811374483233 2109.369679745891 3585.545517034063 7789.103915411602 2525.93799473721 5215.756734541091 3708.646505759496 1155.7206626229522 5168.691334300957 3190.568934773594 2897.4695833041123 6060.296761619014 2885.7076410334003 3969.46387599298 6231.813312309021 4225.575480938942 4359.17311660654 5667.784858850347 5446.845632222859 7514.653567746452 6316.47862509445 2284.510260431615 7449.681143699258 6417.367629364052 4443.730023972747 3904.4020977009163 7110.06271282597 7629.743362213237 6253.674986092013 4998.01112842851 2363.2571681506834 7208.550670374802 3736.7904242461536 6270.390109078342 7283.310257510432 1755.7046474767903 7206.448288533668 7851.876410807046 6071.9218314142245 5670.497850059834 5887.517160539896 1061.0844111179117 7721.753061292958 7223.52910355381 7393.3633128466445 1620.271566171061 858.9127312124385 3904.49187698148 7986.01288622999 5917.414616027951 1540.7188082573723 4365.739930006393 2709.8678205810797 3751.7629671369073 2389.3428861645675 5879.169245400088 4928.443492462528 1647.3710458727728 4373.4731306150925 4347.889736196143 5113.093029542162 2833.6297364315856 2335.6426035528684 3953.5625977868795 6069.888914615861 3556.834414547192 1078.537361016006 2933.0733265692643 5436.055060722205 4405.009652284044 6468.250522893735 8238.06127205971 5564.762246915454 7481.156385725583 1129.9819982394627 4395.513425423591 5587.906507917985 5905.694667496449 5454.283940348122 5602.758229298471 7866.943079938862 4918.587688546583 1244.246156490529 6543.551547881686 7971.642023656652 885.6772963871616 8496.570890809377 3085.497171681876 2031.090742309249 4204.156556585848 6668.133759949494 7315.468284660892 2354.920051439062 6863.784322009955 4338.995074407312 3411.9934948381137 8856.091314317635 3593.676285062422 7148.154521490645 4944.180109798995 2317.524135693481 2126.0669496087876 5021.0526462481985 4886.939493100683 616.2883277390525 6584.307750079916 
5872.78732058201 6464.802210843635 6632.094950460074 6352.871375280186 3019.1221154727955 0.0 4995.752617442498 4497.698837773427 8309.817902422721 297.84375682165523 4604.59893834085 7584.9360169094725 2243.0931786024653 6841.701599856696 7417.092843029371 5090.164236209184 3635.647189175398 7794.9301279244 5024.281575133852 4237.601538082045 3025.368404843235 3758.435757047277 6407.642941622918 171.45178800604629 1383.5573581244548 3045.585856122559 424.14638959398064 1699.4139200792629 8202.319196367289 4180.848588220071 6133.75734493706 6377.823483687928 7933.406806936973 6561.5377613120445 5050.65302772398 1036.1632088448866 7225.244127657285 8742.981975108536 1568.7998531953974 4589.156424550276 7291.834863217006 7294.329141261458 7704.798088246346 5309.2189562373305 5379.883104622557 5631.7176231794265 6276.189609098062 3258.742487275788 7519.850019315225 3050.1232858629287 4812.434543758038 6849.842363627071 3824.0348129281215 4653.238508231074 2874.285224209401 2101.826596728548 5256.95225271831 6244.620759803059 5082.827601457154 4196.857947331836 2806.139827408347 1397.6673184901886 6559.746737789327 3945.787579522288 3511.0837957532567 6994.030862305938 3818.6671376729655 5362.759593775863 715.205280765086 3588.226920870323 3785.318651320189 4620.8305786360925 4540.1377157327315 4491.74973625416 3636.9260847216046 4349.236829764745 4562.893881587863 3915.6396451835853 4642.460508523393 4267.6951579304605 3171.5364956677035 544.2852327506721 6100.728429874447 1453.7762948469872 6495.198254125778 7376.7331913737735 7119.471283908472 4751.8545649911985 3934.437483968065 2291.5691965477677 4814.252133613876 5426.451771966509 3287.3356402796403 7115.297052637845 6999.076854838291 4680.159011181041 3982.7663522883136 3541.481330607007 6846.914694440849 2162.05096545923 6953.927182307857 5526.807253501133 2868.298068131334 2196.0313654617207 4164.7321567948875 5140.441762222104 5365.394961003513 3847.4563207815295 1326.2845026579766 4646.437309526317 8179.238699242254 3256.5388198665605 6588.686511569493 4900.605071739401 768.4551465531808 4745.378321164108 3040.789053930256 2362.226429125596 2612.4013755598576 5205.104807345741 
8038.010745876442 11255.397884429969 7205.602512465529 10818.484902977727 3925.8371620547778 4995.752617442498 0.0 9012.10338512706 12944.769599250945 4701.707114257073 664.4051363609624 9518.801992845714 6047.259072545642 10241.934133688157 8426.237679463846 3936.4198337595485 1652.3121615039504 11675.04215902233 6067.4238747289155 8735.904022763892 7245.951026908833 2991.37676860155 9055.781815763932 5102.555689938029 5872.230021592474 7404.361770434354 5218.217728983892 6641.096128133252 9786.078494081725 8017.707612600581 8130.317490388687 9593.618584452082 8574.938440208332 11118.458369184556 9742.537741634258 4000.321191271517 11287.891456556525 9652.191493583483 6481.818048426526 620.4521613208528 11013.280549134039 11444.2969629747 10058.14733605211 8888.70052465812 4668.929117359645 10480.62787081633 7018.495412937668 7288.868027988267 11193.763917167413 5641.128801158654 9801.100884609892 11441.273673540869 8815.608172836113 9193.198216613971 7275.2330214736985 3633.403301233245 10228.411418545593 10809.913609800531 10077.410504178242 2779.580929559873 3156.532944400543 6381.264134790699 11363.082263445162 8888.995530009026 2391.704045728649 7425.28645777806 6628.200297404249 7609.578127976521 4880.724710053387 8581.593483502647 8357.499809800896 4651.57529510486 8221.24512044167 8189.944633715835 8378.313347056148 6747.251331587596 2069.505422673064 7732.213077626176 9401.133861232473 780.6058944891481 2849.3008581479594 5344.889746338375 9361.12507266463 5593.172557648042 10341.18767185285 11893.096067625489 9358.47564877504 9606.052418330619 3264.707417822892 7216.441476225188 9209.244188871431 9641.695416613806 8261.086768831521 9409.220303040314 11512.82045211187 8690.616472422538 4887.618930455212 7947.865149530103 11507.143453302973 3852.0189003776113 11811.365908192907 6578.599149552656 2259.207568370747 4130.954283334753 9141.00574919982 10133.121076846839 4768.000963999936 8076.908690726021 6006.884247331109 7334.699407086329 12588.213224598849 7251.304993188585 10890.137789199422 8766.937880891832 4823.229338010259 2770.1075537788256 7960.102674505902 7357.113189540311 3533.458295197404 9957.729762911427 
9079.693073496288 5632.215916045465 10533.62893690115 6561.113989071658 7454.296404691314 4497.698837773427 9012.10338512706 0.0 7543.574593594447 4763.156865016902 8465.577982809316 10603.787732503348 2997.3054992053167 8677.204324690108 11013.474865365091 9556.870958298783 7399.792130192909 8736.927138725672 9009.308190319627 5298.637773662515 5386.200262494224 8256.133204379943 9115.796471313028 4332.754147622665 4781.014890199458 1608.2229128996705 4569.645563379341 3743.6758857042178 11358.295017217868 6410.578883831243 9393.056870673403 8546.986335322572 11639.625936640829 6467.18082305688 5148.363591473723 5470.389197371902 8002.602470217778 12223.044860488302 3013.2057238115344 8474.546856455047 8591.94234294201 7895.787283347915 10385.053532255452 7393.677798835615 9774.574082705929 4845.036278850729 10161.68619425844 1850.4981898378421 8832.437435096328 6901.954451891014 2610.5019993999927 6571.278417238289 2932.860254381975 5385.689738625332 1739.3269039623356 6597.648992814813 2535.42305887786 6231.89061101511 2930.829758430073 8691.779895224841 7303.359769603314 3651.2679615645734 5643.418369035963 3551.5106448217143 7973.60019983977 10903.849539868083 7213.321949163 8643.23398100259 5066.687763506571 2859.444920943299 4948.202512476813 8965.897088719714 6803.453649521763 6755.029168656924 4427.408542332076 7830.473437099555 9009.060409224952 6303.713724432486 4721.840004059975 8232.077995253516 7662.756867712309 4522.518923799227 8299.029337604097 3438.4026037469257 7827.674890041602 7156.925941846832 10001.486682722905 1401.0962736403328 8426.882971663235 3653.072826167545 5803.235631205598 6507.72791476185 3195.7499608888907 9955.924359926219 6888.287550252285 6427.989200762263 8227.353495337315 1066.8775874178286 6362.8616639469155 6637.182455126769 5671.483482889922 9411.339035714993 7197.742014045355 4960.783549551217 2206.745267232694 3314.2554225997505 9743.17819013635 1073.965556033276 3191.1793874319214 7826.641751935889 8032.914155098761 5785.3341903655055 7090.8634070837925 6765.410214140374 5139.343377275566 9238.040418755561 3608.0353208997776 2892.0881494480536 7102.125147478069 5017.716496644277 
7130.209922196199 1985.4763009105134 9418.73909067154 2191.9342702713966 9347.778549372948 8309.817902422721 12944.769599250945 7543.574593594447 0.0 8551.022637078659 12712.037162059052 7515.827084559633 8995.360835014595 4572.499638167224 8973.790568260274 10903.874041230536 11859.031306503797 3095.046977633785 8757.681830863501 4208.867434228588 5709.110518513713 10502.368601152928 6222.29374148615 8281.378217810257 7130.776134009398 8078.99146396991 7956.528905201467 6648.667516288962 8243.613671112202 5183.54287912545 7367.645304966252 5106.437211229514 9644.749176737896 1835.8329499897527 3259.9235838811996 9106.146972605522 2686.117149538776 9514.644764524599 7376.728019316456 12681.402374490961 3651.4889402676886 2385.086397842783 6755.748837467794 4836.826789026991 10584.84292190723 2864.8106404958025 9149.860097448225 8658.392359556176 3736.616921634076 7649.379238987399 4937.441943157146 1505.0146686138226 5064.637256168936 3751.946761154922 8023.96149696651 9325.7754387517 5058.073525163844 2137.481783187992 4612.829885623816 10955.26122503627 9905.127379490368 7003.867421120784 1939.7807145286579 4616.7498171494235 10774.313167742184 9677.019763929058 6922.465776649416 7101.168379669731 8162.588832700139 5275.860393793541 4599.511357436796 9831.376678684182 5159.463540247112 5166.245931879899 4673.260519818905 7213.343163547201 11681.211299055052 5429.986679885616 3674.7398043190965 12328.474383770208 10287.06101396868 7819.145524499672 5102.01013822227 8699.636677419367 3612.062071506555 1156.0168611677848 6931.590051881441 6161.808697126776 10421.961675460545 6070.004640940894 3764.526868201226 3503.0042278233514 5313.362681456181 6831.393518025594 1497.2785975929626 4495.651057646787 9059.90261537239 7909.432899507861 1462.9212850721342 9131.467297838395 1890.4199467503665 8721.66417611806 10688.436756698236 10315.489261557608 5458.580459025928 4234.520712328286 10478.67487677271 8277.930285504468 8015.140586841706 6676.785281073153 1125.7386245657199 5760.472946289944 2369.7958370530037 4574.262643203541 8206.993491590172 11417.04264113606 5361.568191209974 6361.5461864135905 9526.468770462654 3118.5855256578902 
5860.397493149298 6722.414857209842 6517.753363540783 6569.293725024489 2808.2746706858734 297.84375682165523 4701.707114257073 4763.156865016902 8551.022637078659 0.0 4318.03145139725 7576.571458227333 2388.5236341907757 6949.718854654182 7341.411779261747 4855.7662274556005 3360.3492695753157 7955.141081225446 4908.9792880688865 4446.782348917066 3178.7024885136702 3497.5941219079086 6443.4302664541665 438.60424116823543 1531.3488421122438 3283.8260516721357 598.2703281382886 1972.141300043389 8174.406041047406 4304.327489615672 6111.937539024151 6464.256711706993 7839.874837573327 6789.5777098953195 5291.139309025947 740.2364349637778 7401.073847365105 8674.260000127768 1860.6977265153125 4301.4383060040445 7433.820791977884 7479.5735705589495 7730.021392274242 5419.73771173814 5171.455722989395 5896.379893358304 6166.851551612079 3463.297143071948 7658.617675954123 2994.7672627142815 5109.403159636817 7082.858972952737 4115.382467083673 4870.954816596149 3115.0501893574215 1852.1230613556966 5554.753811040873 6472.675169561149 5378.490270627194 3928.742811883884 2542.977915280241 1684.191456969934 6819.258655219718 4224.494773745138 3227.408750558048 6876.155557440818 3818.474826015572 5348.159522967544 662.6892405567742 3880.4271933968907 4001.5510813762144 4430.369248980934 4651.168873160869 4603.96850582343 3878.5566896160685 4324.588113001486 4276.753348172172 4032.0117860664814 4891.19344107054 3977.287840617355 2899.7789211227187 735.1660036408784 6188.456802206736 1605.7106105810608 6644.426415605413 7602.320792750776 7129.728717149896 5044.845539839939 3684.8499109876857 2562.355804357019 5013.932248222294 5608.509925667322 3572.629197608722 7129.884707467371 7223.310856763515 4831.2462561184675 3823.904666394533 3790.389813617656 7088.333393548416 1935.6688189538183 7221.528596602786 5423.870697748505 2570.8076370149656 2080.125741657773 4462.495435194533 5432.426717625768 5162.06032610688 4081.3396366008833 1576.628180497103 4656.500268341536 8394.998947334481 3382.4397226348806 6787.2116650934 5037.524128522188 690.7777585113032 4474.993505987643 3312.7254041025662 2658.0972125522476 2369.5682588821073 5454.6878516506995 
8151.288837314762 10971.430558607308 7496.388188961111 10617.30706575162 3958.309974313675 4604.59893834085 664.4051363609624 8465.577982809316 12712.037162059052 4318.03145139725 0.0 9691.968319826234 5482.079549530781 10223.407903961557 8693.723587918004 4298.810593127422 1065.815044312045 11593.112756395461 6258.562366745588 8510.807828846031 7047.980023885697 3167.9171483993555 9126.642372943177 4696.073606848989 5592.591805624468 6857.796269082522 4866.048471773233 6283.826844589349 10007.617156002209 7896.874631567087 8267.745826452712 9593.685974209206 8889.047756625654 10898.060181593046 9480.845800815201 3654.5060020388505 11170.347140985603 9953.059881643065 6036.772670440644 66.70483583378851 10952.45566464227 11311.631668992399 10185.060007027962 8823.371492067998 5018.515980441656 10174.279033795223 7283.182375945598 6713.477004656819 11142.450474720234 5603.7895620074305 9375.445347712073 11214.045697733036 8426.031701128924 8963.653832043388 6735.304989228078 3490.9240504190125 9785.076592319572 10585.84840991995 9662.905021267485 3050.3034355471023 3130.9362991276475 6001.523076080625 11075.209095460836 8538.35902270906 2489.2379092731044 7739.0211873435 6611.655289511646 7700.834101132878 4573.982386317195 8188.666296766002 8112.892885144983 4896.689855868546 8128.305743280093 8093.792611468573 8094.546381679126 6790.140474591195 2441.8046150732694 7608.407524418519 9119.347121802546 405.8310592995053 2889.8296518455295 4997.831214031053 9351.083616662667 5073.629914923669 10252.887833187297 11686.192292275153 9489.388741936624 9117.11111691787 3471.488287944894 6868.935527551589 9009.917270826949 9481.195843491607 7890.623195462267 9533.776746257725 11304.666507133357 8553.867778108823 5026.734748161767 7399.017802117296 11262.410155294358 3734.8028264209192 11504.94755247862 6789.680749676876 2073.5973889031397 3540.6156273283464 8704.832383652127 9740.254842060447 5108.03058216622 7508.18268267293 5529.373734307142 7359.22648367502 12409.173473548288 7088.937657754302 10723.910751452497 8654.877707008043 4522.8049503457705 3149.5437802024617 7618.116014404577 6950.445768573545 3487.6533500111314 9680.489491327184 
1716.9583618165332 7294.641561151684 2758.969359706213 5825.466200341419 5822.673706101394 7584.9360169094725 9518.801992845714 10603.787732503348 7515.827084559633 7576.571458227333 9691.968319826234 0.0 9686.739362982127 2947.9415213957495 1719.5773524981983 5833.605812299491 9408.12362393899 4546.867363762948 3452.1527898306194 5547.760430373414 5242.316667807451 6537.178413169931 1551.711217083519 7709.360919977665 6386.530625678023 9862.991294156425 7197.756924379497 7098.20311391923 798.5721101800957 4208.371402161022 1490.4610716108668 2522.8955598328944 2265.535272876641 6254.878728543919 6304.54393395769 7507.037191986804 4829.796925787957 2007.5502237615187 8139.225635037984 9632.268739960644 3883.4548139202766 5130.744290787943 873.6577390064407 3405.6118950087116 5158.733869557947 7266.154975349383 2737.904417313898 10329.307776374444 3846.6921727438244 4623.3027267733 8854.756729154484 6523.513296281848 7897.543406151449 5690.176998388602 9701.37276625139 6660.254108097816 9359.062874286552 6163.200563284802 8800.320198614703 6752.639429876508 6681.150875563357 7355.515959071502 7412.158830136668 7344.611112265917 7203.151702831363 2805.569983271606 3766.519028678112 2229.9006866587415 6914.785086705784 7873.736890275508 5766.783294051872 4897.8069387545975 3833.1923429636495 3878.135614132087 6292.190016193903 3260.0860282664935 7522.787783434981 4300.081448058973 6491.827567930693 9305.397753047233 6831.922804671679 7125.985900951276 2646.138212216656 8941.133376980812 3982.6819439057826 6469.840618958789 647.528283780834 9840.123454253888 6254.296051049777 6998.950024609217 5268.863007748028 4813.236132576785 7462.815884211216 728.4764431324419 6275.267562313848 4359.136880662183 4667.504595498294 10132.308189963236 6824.353252352366 6391.379932623319 7952.748991196307 2962.30893525059 7853.749952041912 9561.12934202507 8739.031520330464 8473.146600570723 5035.1912699852455 10566.321705158856 8480.44891757298 2953.1480537987572 6489.695937235522 4848.260757184226 5341.648461673192 4031.821410508854 6886.8001361585775 6901.596576525976 7011.0299056258345 7774.63964031213 6400.157759815799 6610.013663385679 
7995.504067077649 7018.823943021958 8873.964194312883 7373.190629850061 5174.882933586616 2243.0931786024653 6047.259072545642 2997.3054992053167 8995.360835014595 2388.5236341907757 5482.079549530781 9686.739362982127 0.0 8552.005718220715 9633.340286176362 7161.638209405527 4417.087053149476 9194.551438515022 7266.764495266332 5454.673554943904 4696.309062194267 5722.521642888637 8401.727746991868 2083.58145166678 3300.800075583896 1405.7329741580327 2552.9016191294595 2806.6685900054904 10343.430625261788 5908.714422052098 8273.51876650594 8192.68823332341 10164.79293155574 7460.432077616055 5910.545803988968 2920.7047116668577 8535.518062382851 10949.134807454198 1764.9698122730563 5493.964608191839 8814.980493577725 8534.432119272966 9716.775096674462 7049.005730775134 7530.728784167395 6135.422211977647 8516.783877896303 1251.4817737388748 9055.933262712413 5262.563629243283 4505.838149592088 7683.725692674046 3955.4485478866045 5765.630560517594 1315.1777929120053 4163.014190866819 4765.76656657917 7159.010247786318 4848.76980439206 6103.384688261996 4783.638569278128 2460.8530823494802 7081.466748642531 4381.09018072518 5300.062717805912 9236.526830738014 5941.531509632332 7494.399287315036 2957.1408450145723 3731.114629567238 4989.4036728018655 6810.691735629119 6305.902402644404 6254.45554010177 4628.166102316978 6509.03920749376 6279.132793496967 5687.846006792035 5443.413302110776 5266.884922992086 5081.999357282425 2596.4355562863448 7916.25732899176 789.3460708708004 7998.483190460724 8265.740564149797 9178.418392232896 3858.958730065372 5954.12787358187 3211.1552879679048 6060.694684687882 6764.229996247941 3694.4523724866485 9162.707265841089 7916.6276378449475 6246.099239706241 6211.505039716308 1932.8773849847837 7587.4935726187005 4290.990403107589 7329.766509311773 7765.441890505236 4406.627151171294 1963.4784615663916 3821.632127513145 5077.234664188853 7528.3332677287235 2029.71319372329 1237.7952477315378 6733.9796782597205 9136.47920268524 5029.490209160727 7751.5257329188635 6530.396153758634 3011.5434774214427 6622.347291602824 3754.4723617280674 2677.4899071592267 4684.450893247192 5947.639359743824 
2802.4393343798565 4468.205842379862 5037.4637334298 2960.0171985444686 6318.051230925886 6841.701599856696 10241.934133688157 8677.204324690108 4572.499638167224 6949.718854654182 10223.407903961557 2947.9415213957495 8552.005718220715 0.0 4433.231715587771 7240.241908099924 9647.528443789432 1748.1724159513108 4793.809284934724 3380.3599979814194 3875.314952726422 7354.955123734426 1729.4204368420517 6911.160962752277 5463.294069706103 8322.019553792741 6417.579654443122 5748.106596728228 3696.0939708479173 2671.4140988466515 2966.70835248965 696.9239369470336 5089.420395258703 3370.01586927929 3767.7725565321803 7173.532104908556 1890.2702263171795 4953.241936791542 6813.939173982992 10174.849199917864 1010.1882241094385 2189.5904696381076 2238.0434698880026 1532.6132060515804 6738.836848258887 4601.225666191132 4827.254365423056 8867.434510814657 1074.6875927061058 4619.636053614277 6520.845647986915 3612.869311763195 5768.824873114825 3324.437612731711 8185.887679851166 6776.091441321651 6967.899708083767 3326.152177437412 6387.874344843889 7720.492532066226 7101.386921883275 6091.683249456782 4577.178990200035 5157.297261163766 7858.137642890024 5245.7883432775725 3615.7712203019396 2966.0979944721744 6331.222476809573 5819.172835407126 3763.3135512568883 6147.379278528877 2301.5685423200644 2350.106472768762 4264.728418727946 3551.089400469246 8517.500485351655 2927.1944515079126 4081.672061565527 9817.600328760795 7392.685540275673 6303.993792506881 885.9323202388856 7923.2941337271595 1083.3977168554632 3523.8679698871692 2359.839553140129 7663.832516629079 7163.312371742545 5423.928270283405 2891.3198956649785 2236.5099689461335 5496.791249920106 2259.2033431687864 3344.4118782490473 2330.0351510398623 5547.053492027859 8455.113520168818 3924.473308815295 6515.057985477226 5092.661117676892 4578.2535581862285 8174.015545195651 9027.283532716856 6578.889097380797 6012.878907435589 6617.950648682233 8898.750277944366 7319.904886109533 2941.9763108644156 3574.2143957738476 3591.2961646229173 2429.872913790404 2025.4458459653358 6335.198237375565 8055.015463211116 5145.845770477525 6136.81847859344 6736.952363933869 4029.14323148102 
2070.817498104377 8489.594539661068 1248.0821703622853 7102.210714861881 5083.811374483233 7417.092843029371 8426.237679463846 11013.474865365091 8973.790568260274 7341.411779261747 8693.723587918004 1719.5773524981983 9633.340286176362 4433.231715587771 0.0 4550.9232744042765 8577.643400126519 6131.309523347122 2558.7343255254837 6373.789087885495 5667.353922466452 5540.915329111245 2753.581278216239 7564.851417256335 6425.596603840172 10050.296142954974 7080.809143538308 7321.725965710477 1502.6210165717978 4893.380441215278 1760.0731593787891 3867.919306933369 696.3791187665922 7542.217391914347 7300.7704156908585 7106.078250616222 6314.064357822639 1343.5280204246344 8277.74898777458 8630.185250834184 5425.848951644027 6609.212114897057 2588.2909027169744 4426.20876420182 3827.149840016935 8315.060826197707 1410.6683390992523 10450.066143010055 5427.330590356309 4371.369512537519 9600.601846880712 7841.195273222929 8543.59732525818 6618.133577277988 9879.22158241002 6064.920722291977 10130.512182091172 7400.064345596182 9604.696122561521 5655.5881985663 5905.192339583914 7509.162576489758 8613.69436671065 8056.482475925184 6253.714075652602 1160.3264125719138 3811.6313320808304 2408.21450374473 6706.785689306523 8473.408375334775 6480.54320744153 3797.378936664526 4596.964260102754 4629.701870448867 6974.7956288583255 3198.3068805195517 6367.456066362788 4884.7626474012195 7394.203918326542 8331.19588923691 5962.235937480229 7039.210327038192 3896.0930796953216 8852.724302954311 5366.678675705406 7874.804529741023 2120.4727197087254 10443.05543575863 5227.007631394061 7361.8228052462055 6237.948488763288 5934.059028748169 8029.31483528246 2224.009491629584 7634.638502613714 5255.39556722994 3841.826837353063 10395.287063676642 8119.669789633012 5816.378512073226 9173.038883828323 1999.631415955404 7053.723774615083 9159.939830827016 9369.193765971317 9323.540151713487 3712.547488407753 10808.369644221346 8501.240228564926 3213.379631374256 8005.884937685747 5273.141059352811 6688.229988802457 4972.316038278743 6662.594598168457 5692.93683691083 7544.819374804245 8122.499503976976 5697.951685351942 7621.620593179361 
4611.478656160063 9619.655783921324 3308.6748286958036 8716.94199222268 2109.369679745891 5090.164236209184 3936.4198337595485 9556.870958298783 10903.874041230536 4855.7662274556005 4298.810593127422 5833.605812299491 7161.638209405527 7240.241908099924 4550.9232744042765 0.0 4452.942723270453 8897.562070967178 2499.088567201918 6963.272110266369 5525.879035750406 1508.805490997525 5737.1486810255055 5260.613847275078 4976.882333912021 8135.112700716406 4987.4198317668115 6060.950157183434 5978.925116847463 5727.485799778846 4608.1305980084835 6545.006289319167 4647.276155469783 9107.6270600615 8088.765532047487 4242.021307831591 8705.394194550518 5731.199043060708 6549.692777970849 4232.550472816015 8166.91251370972 8931.087931547068 6497.46039808875 6206.303799452389 734.6404462521651 9045.47246246578 3169.7296886067 8309.276726828071 8294.376808304334 3353.41083194414 9258.460902890673 9449.617089280584 8112.945030185264 7396.834244998225 7964.301329059378 3009.887491763896 9782.350940917135 8841.62942824032 9425.997637413553 1323.704849415216 2388.0284810894887 6010.725846979772 9744.59505606708 7905.56105966293 2159.2298535647806 3501.4796399077522 3982.217569995379 4304.612881169592 4490.330880495946 7931.451656096314 6751.591453074698 1099.2562874829716 5752.386785172334 5742.177248445203 7016.499662848056 3768.9892676879517 1870.5169674023853 5497.869371058499 7907.0609289595 3983.079103335213 2154.62965790046 5039.624860796627 6373.212228788726 6417.598342848233 7665.987891998199 9757.930122697191 5806.55016064076 9582.799297037896 1224.4421488149692 6456.883628439754 7231.251849246767 7400.989721327836 7494.267180330924 5876.754711058686 9406.618738227467 6409.300594824268 1846.4087235012394 8629.75620707533 9614.786575124335 2928.5210849811824 10281.792367868306 2892.6609759510907 3169.442747302211 5900.261240705025 8744.671263309217 9318.517067133487 841.2021207370601 8935.433986964337 6416.3167860343965 4366.525458604061 10263.607378015373 5317.169698835778 8588.25314369479 6341.99107563614 4417.559910249251 1166.4169249671759 7040.801531693907 6983.842058692865 2488.354972182867 8381.42763862975 
7789.799466808915 10070.087571098125 7437.281799642744 9806.377669637355 3585.545517034063 3635.647189175398 1652.3121615039504 7399.792130192909 11859.031306503797 3360.3492695753157 1065.815044312045 9408.12362393899 4417.087053149476 9647.528443789432 8577.643400126519 4452.942723270453 0.0 10923.902826625155 6054.674384431597 7683.564633284243 6265.1360429312845 3084.2319412342017 8689.263701683734 3711.696173372575 4730.180827301606 5792.070026237766 3933.252596988149 5332.069246781835 9800.094515489134 7202.818898289016 7942.569792115311 9048.71031731607 8852.564997001014 10064.269305829275 8607.904980992667 2753.0821345406484 10457.60015403032 9882.309488341361 5013.298169629463 1077.0118510448992 10314.371526123305 10579.35520464551 9823.69758412265 8194.321105948666 5121.5869627103275 9253.296741594875 7182.332316627238 5650.9505732536645 10516.027940981405 5062.297089436115 8357.139582017466 10371.548731081293 7436.292409050317 8128.606497639719 5670.074647634939 2878.1152012594985 8755.01146885063 9749.199910058942 8651.767509884354 3130.8588010135986 2726.9810256915935 5030.74700618283 10169.675102191006 7581.4304042735 2359.7665091846948 7716.7093782386555 6079.0658340298205 7311.490671701294 3696.8532884439724 7196.932624901794 7266.129822876901 4823.257192901673 7468.724720825984 7430.278798581529 7205.227324677698 6342.051851538154 2753.0474262259177 6913.507715745375 8226.907725548477 891.006739580892 2616.092338015467 4068.676110341836 8793.848649914431 4013.6283333803813 9582.669543327425 10864.653188651993 9140.447714271078 8064.5195152505175 3411.404682196326 5922.696103728548 8209.432468522211 8724.37478690853 6918.560748948345 9174.500809642808 10483.072646791674 7833.298570137351 4774.079506920797 6333.210969134612 10400.786706933579 3145.4148925967015 10580.28868625054 6607.37100524002 1554.5108887904198 2482.686650670833 7680.719322165645 8744.852465580294 5191.06412228028 6444.186481594207 4487.222823949008 6874.454057597463 11617.046757842309 6350.136674319275 9953.483296478084 7965.227889357998 3654.2355280052952 3402.1707682122897 6673.036924763754 5951.9527402102385 3022.9915084661197 8790.393123938964 
4547.077619421434 3637.922239360851 6783.918854852439 2247.0937965774838 7789.103915411602 7794.9301279244 11675.04215902233 8736.927138725672 3095.046977633785 7955.141081225446 11593.112756395461 4546.867363762948 9194.551438515022 1748.1724159513108 6131.309523347122 8897.562070967178 10923.902826625155 0.0 6494.156527865216 3741.3802239896704 4776.453168856814 8879.521659827933 3473.707116677869 7831.578411208351 6424.255274011314 8703.297756786327 7378.902797292522 6431.413840464053 5227.28454500406 3722.830881861204 4714.774741287256 2423.6127048629705 6766.101377670013 2502.362779719024 3588.6248516007927 8303.538291970352 740.3806568925645 6509.321226230234 7430.422316355149 11549.350122625747 744.8918995181016 926.4083115397602 3733.3547443321395 2791.2013410849136 8431.47092142311 4091.529468566649 6575.351872220292 9280.529768481494 704.2766575345786 6041.2828660991445 6297.86522197285 2600.378384425885 5824.237948536959 3472.513410999831 8592.204371438522 8104.251398693022 6650.130246931416 2626.0231014196925 6081.589777945955 9274.399540909333 8518.641047972576 6801.096859949522 3714.2384839539054 5214.202451875963 9323.03137783393 6985.875108303193 5091.90462749048 4679.987286419017 7395.47473471189 5942.232492402868 4205.1766030337 7798.873181166228 3465.1129205721295 3500.5271026813352 4598.162190235034 5146.5055311242595 10061.340617299322 4011.685478927802 4024.764377187268 11188.956544137562 8843.34440412518 7251.425935205095 2544.5701920529928 8665.831468189546 1341.8246209846218 2262.748351413146 4019.5576079092884 7540.274106160859 8716.461774370755 5983.416860648635 3137.6152050796613 2430.8938349400864 5732.63120654752 3916.065825068375 2254.6325253947134 3127.7420678063963 7145.606157498538 8728.228493491093 2921.463108409906 7858.37528589817 4120.767318787376 6309.5673088754875 9521.225550553903 9984.199836517462 6537.758983270425 5674.049874799183 8312.683842862429 9159.531594082635 8009.306394989152 4538.882119103449 1994.9399527017265 4606.2865440030855 1667.9178992048526 2960.911016742632 7414.210975390463 9646.43893297408 5507.470511744553 6584.332762490872 8141.908338540466 3737.118046053499 
