0.00 2256.84 2429.86 7850.35 1469.89 5085.13 7258.88 2337.02 2625.54 2287.45 6259.87 1633.49 7956.49 5902.37 5620.03 1940.49 10367.71 6577.70 1013.97 5227.72 
2256.84 0.00 3376.03 5597.18 3644.00 2957.13 6352.92 2591.48 450.07 4460.49 4075.56 2472.89 5717.05 5624.02 4615.97 3852.30 8304.56 5482.18 1827.04 4246.92 
2429.86 3376.03 0.00 8411.67 3289.01 5137.35 5424.60 972.30 3451.14 3863.88 7234.34 951.03 8641.22 3718.97 4047.26 4039.68 9841.95 4973.82 1769.93 3697.87 
7850.35 5597.18 8411.67 0.00 9179.14 3361.48 7643.27 7442.76 5271.42 9973.13 1929.04 7731.65 463.47 8476.91 6571.47 9225.23 4517.72 6723.48 7320.74 6488.69 
1469.89 3644.00 3289.01 9179.14 0.00 6537.27 8527.94 3545.80 4045.49 822.17 7493.34 2786.19 9249.90 6986.64 6952.72 802.04 11835.18 7913.83 2413.68 6565.03 
5085.13 2957.13 5137.35 3361.48 6537.27 0.00 4975.87 4165.89 2519.38 7359.43 2825.77 4565.55 3667.93 5308.49 3527.14 6804.99 5348.32 3988.14 4330.07 3342.56 
7258.88 6352.92 5424.60 7643.27 8527.94 4975.87 0.00 4982.38 6000.75 9211.29 7754.88 5741.75 8073.27 2091.82 1737.06 9171.49 6275.99 987.89 6250.00 2113.53 
2337.02 2591.48 972.30 7442.76 3545.80 4165.89 4982.38 0.00 2589.12 4247.12 6304.01 760.03 7677.56 3571.33 3433.63 4201.51 8953.17 4391.29 1391.64 3054.35 
2625.54 450.07 3451.14 5271.42 4045.49 2519.38 6000.75 2589.12 0.00 4865.63 3843.96 2602.27 5417.41 5386.03 4267.43 4285.63 7863.64 5109.23 2062.56 3908.49 
2287.45 4460.49 3863.88 9973.13 822.17 7359.43 9211.29 4247.12 4865.63 0.00 8260.52 3490.14 10032.80 7582.77 7676.81 972.02 12654.98 8636.37 3202.72 7293.22 
6259.87 4075.56 7234.34 1929.04 7493.34 2825.77 7754.88 6304.01 3843.96 8260.52 0.00 6435.89 1834.16 8105.53 6352.92 7456.74 6142.44 6772.46 5890.27 6160.30 
1633.49 2472.89 951.03 7731.65 2786.19 4565.55 5741.75 760.03 2602.27 3490.14 6435.89 0.00 7928.60 4278.36 4187.07 3451.76 9547.04 5146.29 826.65 3804.80 
7956.49 5717.05 8641.22 463.47 9249.90 3667.93 8073.27 7677.56 5417.41 10032.80 1834.16 7928.60 0.00 8854.98 6962.17 9255.98 4914.41 7144.82 7478.00 6864.56 
5902.37 5624.02 3718.97 8476.91 6986.64 5308.49 2091.82 3571.33 5386.03 7582.77 8105.53 4278.36 8854.98 0.00 1935.76 7705.75 8040.28 2257.53 4956.73 1990.60 
5620.03 4615.97 4047.26 6571.47 6952.72 3527.14 1737.06 3433.63 4267.43 7676.81 6352.92 4187.07 6962.17 1935.76 0.00 7553.20 6298.54 961.13 4606.07 393.14 
1940.49 3852.30 4039.68 9225.23 802.04 6804.99 9171.49 4201.51 4285.63 972.02 7456.74 3451.76 9255.98 7705.75 7553.20 0.00 12145.60 8512.47 2951.26 7161.68 
10367.71 8304.56 9841.95 4517.72 11835.18 5348.32 6275.99 8953.17 7863.64 12654.98 6142.44 9547.04 4914.41 8040.28 6298.54 12145.60 0.00 5785.37 9515.91 6487.64 
6577.70 5482.18 4973.82 6723.48 7913.83 3988.14 987.89 4391.29 5109.23 8636.37 6772.46 5146.29 7144.82 2257.53 961.13 8512.47 5785.37 0.00 5563.80 1350.94 
1013.97 1827.04 1769.93 7320.74 2413.68 4330.07 6250.00 1391.64 2062.56 3202.72 5890.27 826.65 7478.00 4956.73 4606.07 2951.26 9515.91 5563.80 0.00 4213.75 
5227.72 4246.92 3697.87 6488.69 6565.03 3342.56 2113.53 3054.35 3908.49 7293.22 6160.30 3804.80 6864.56 1990.60 393.14 7161.68 6487.64 1350.94 4213.75 0.00 
