0.00 4697.11 8236.98 9418.75 4544.68 7073.18 9122.96 3159.44 7149.97 3936.83 8126.38 5806.54 3410.34 6157.59 8983.68 6891.31 6513.77 7590.24 7589.39 5703.27 5823.79 9833.18 4591.34 544.25 638.79 1679.23 4328.29 7548.43 8033.18 1840.05 6151.37 3520.38 9143.13 5127.37 7038.49 7412.78 4318.27 2030.51 259.70 7437.22 7044.26 6715.47 7250.58 4066.41 8095.70 5822.97 6052.00 6959.61 1320.25 6671.84 3507.00 8290.09 4961.48 7805.25 1437.95 5276.33 1671.69 7347.33 4755.15 5075.56 4967.60 815.10 5693.43 4001.78 683.35 7540.01 8704.80 4313.36 6573.09 2040.92 7282.13 4828.63 3377.76 7877.01 8595.72 8676.87 3123.49 5078.28 2934.77 4636.33 2933.52 4352.31 10065.08 1601.28 5242.21 2600.78 7053.86 10786.41 8072.47 10214.46 3457.20 6706.10 7719.89 5388.19 6519.64 7922.57 7218.75 2075.86 4601.12 8562.66 7335.04 3626.09 7996.90 4697.85 7616.98 4407.93 3638.30 6585.79 7754.96 8155.19 433.48 1988.17 3088.42 5183.70 4466.49 8241.62 5670.20 5145.08 7486.68 1854.28 
4697.11 0.00 5117.72 5888.19 6955.44 5027.51 5609.48 2225.88 2452.91 6545.56 4886.33 2317.88 3727.17 6028.72 6456.12 2207.42 3820.61 5758.44 6003.59 3400.22 3768.54 6605.92 4768.92 4162.62 5068.25 4710.26 5992.39 7735.43 5664.98 3564.41 3745.64 6971.19 5606.75 2237.24 2341.65 6357.83 5303.81 6307.80 4942.50 6235.73 2971.21 2507.07 3720.91 1060.40 6601.88 1719.12 2189.29 7593.14 6016.50 2425.16 1191.14 7325.16 6414.62 4034.64 6120.51 5990.41 6334.28 2914.17 2111.35 1110.65 580.30 4672.68 3652.91 1807.51 4051.06 7654.16 8103.90 1573.57 2119.05 5008.50 6292.90 4797.91 2368.19 3235.99 4464.87 7284.94 5617.02 558.65 2076.76 6359.92 2369.82 2685.21 6871.86 4719.32 5693.50 5865.43 2427.92 8445.71 3682.03 7114.76 5247.55 2229.36 4660.42 6903.02 5949.61 4548.08 7902.88 5387.71 526.10 7894.83 2735.52 1075.27 9957.35 6665.64 9112.05 2118.33 6528.36 5318.77 8776.47 9574.90 4471.28 5273.71 6652.73 7028.56 568.51 9700.41 6663.69 6412.15 2801.92 4263.35 
8236.98 5117.72 0.00 1324.89 7387.42 1832.23 1076.44 5161.90 4705.93 7386.19 285.47 2833.85 5081.90 4370.92 1550.59 4966.54 1726.30 2125.83 2519.36 2545.05 2507.87 1604.33 4653.82 7860.09 8237.69 9068.57 6273.82 5401.57 1319.84 6419.59 2116.28 8421.27 1120.50 3262.69 4636.47 3317.92 5473.30 10242.99 8391.58 3092.51 2472.24 2926.57 1436.76 6135.74 2849.05 6214.09 2939.25 5827.09 9326.35 6346.08 5672.40 3852.66 6199.16 1467.78 9326.73 5304.89 9435.07 3191.98 3610.74 4030.25 5517.65 7723.71 2617.27 6907.95 7585.97 5275.79 4729.86 4222.71 3526.20 7163.82 3381.96 4428.06 4890.30 5550.68 2203.66 3331.95 6929.88 5380.79 5510.34 6451.99 7190.30 3884.81 1850.14 9043.98 4965.52 7680.96 3966.15 3429.84 2954.95 2045.76 6227.41 5826.57 518.87 6454.60 3827.19 657.03 6048.13 7534.56 5636.03 4524.53 3802.69 5570.90 8784.80 6814.63 7680.48 3918.07 7644.42 2890.25 6943.50 7917.18 8255.06 7476.48 8348.03 6851.58 4782.01 8048.86 5808.78 6007.16 5053.33 8742.61 
9418.75 5888.19 1324.89 0.00 8709.05 3125.08 296.71 6290.32 4915.54 8711.06 1329.88 3763.77 6358.48 5644.80 2121.02 5239.59 2975.28 3289.49 3660.06 3791.36 3800.38 924.82 5978.03 9014.38 9459.70 10138.09 7597.88 6538.15 2419.29 7627.15 3389.36 9742.60 285.33 4330.98 4877.66 4466.62 6798.18 11400.65 9586.75 4242.46 2959.23 3446.94 2238.26 6942.68 3859.65 6706.40 3724.45 7030.42 10550.36 6673.67 6616.90 4834.93 7513.39 1856.58 10560.94 6614.09 10680.24 3420.16 4698.08 4873.18 6198.63 8947.51 3900.75 7694.82 8754.45 6410.97 5666.72 5253.46 3991.93 8445.74 4550.76 5752.92 6044.48 5586.53 1904.00 4198.70 8245.88 6048.59 6603.35 7772.29 8115.04 5082.23 1162.51 10119.88 6279.02 8986.87 4231.33 3417.92 2901.20 1462.34 7545.83 6139.63 1780.81 7755.74 5081.58 1496.48 7231.37 8822.75 6380.17 5478.42 3986.85 6505.32 9983.06 8133.69 8870.62 5031.02 8968.01 4172.79 8099.22 9071.06 9405.93 8760.61 9663.29 8159.78 5647.89 9200.34 7098.82 7316.85 5173.65 9781.77 
4544.68 6955.44 7387.42 8709.05 0.00 5609.88 8462.18 4741.61 8975.39 609.42 7440.07 6390.82 3266.83 3311.93 7304.48 8892.36 5959.21 5692.63 5455.68 5299.72 5104.33 8684.56 2812.00 4739.84 3973.78 6222.99 1142.02 3825.42 6490.15 3804.55 5538.55 1601.02 8504.21 5688.91 8847.66 4845.34 1982.35 5988.02 4431.82 4998.70 7648.15 7594.92 7180.25 7007.80 5689.04 8619.37 6843.99 3043.02 4507.80 9378.18 6065.87 5337.81 1263.97 7806.44 4348.94 2167.41 4237.47 8349.98 5456.83 6532.24 7485.61 3760.30 5055.94 7399.26 4477.02 3878.51 5334.07 5583.45 7822.82 2571.38 4706.56 2998.04 4591.15 9956.88 8840.96 5999.39 1518.57 7507.65 4991.15 941.35 6594.30 4675.78 8830.22 6145.61 2460.31 1972.43 8510.86 8530.68 8832.88 8846.32 1707.97 9162.62 6984.96 1303.19 3905.92 7446.67 3195.56 2468.84 7206.99 5280.70 8665.61 6116.87 3461.83 602.70 3119.36 5197.20 966.89 4620.06 3430.59 3654.04 4937.75 2558.88 1879.39 875.58 6433.86 3729.11 1963.18 1508.19 9418.45 6339.47 
7073.18 5027.51 1832.23 3125.08 5609.88 0.00 2900.73 4279.17 5483.59 5658.47 1956.01 2825.92 3706.48 2539.96 1923.06 5641.54 1290.70 734.18 1041.24 1670.53 1368.61 3093.57 2975.88 6779.17 6959.62 8160.78 4521.32 3699.75 978.60 5235.89 1282.26 6743.96 2947.27 2808.02 5382.96 1686.18 3757.32 9103.57 7187.49 1481.76 3293.57 3584.15 2295.41 5893.24 1610.33 6488.27 3183.40 4041.70 8023.62 6845.15 5191.12 2491.27 4395.70 2765.31 7993.91 3491.68 8067.43 4147.87 3031.93 3940.20 5546.75 6451.34 1507.06 6654.44 6475.31 3578.51 3367.01 3694.03 4134.53 5703.56 1705.27 2729.03 3956.31 6460.41 3761.57 2281.61 5305.38 5444.17 4695.76 4669.25 6657.67 2919.66 3262.71 8122.30 3162.09 6106.64 4761.45 3748.04 4220.07 3325.55 4593.51 6379.76 1550.86 4630.73 2009.29 2098.84 4281.49 6042.48 5545.75 3148.64 4712.97 5118.99 6991.09 5025.61 5897.19 3215.59 5946.13 1058.72 5198.55 6167.27 7172.35 6001.87 6715.66 5035.97 4546.32 6300.58 3978.14 4194.33 5904.44 7911.08 
9122.96 5609.48 1076.44 296.71 8462.18 2900.73 0.00 5993.67 4705.57 8453.13 1049.92 3470.40 6073.23 5433.15 2070.45 5021.07 2689.47 3115.07 3494.97 3503.33 3521.47 1098.15 5717.31 8717.89 9166.21 9842.30 7345.94 6382.47 2254.22 7332.93 3106.55 9475.73 53.52 4034.34 4662.46 4302.32 6540.82 11104.13 9291.52 4076.98 2696.73 3184.97 1944.98 6662.07 3733.72 6460.69 3439.41 6850.96 10256.89 6451.45 6325.80 4722.12 7275.59 1586.00 10268.39 6380.74 10388.85 3196.59 4401.38 4586.85 5929.27 8654.25 3619.27 7416.77 8458.29 6255.57 5569.68 4957.80 3740.03 8160.92 4379.97 5495.56 5748.28 5409.70 1748.87 4113.35 7974.35 5780.36 6306.75 7527.52 7826.02 4788.23 1355.91 9823.92 6041.90 8709.52 4008.72 3524.73 2718.96 1645.81 7276.43 5918.16 1505.83 7528.63 4878.76 1200.42 7059.83 8539.40 6104.69 5376.02 3775.20 6214.74 9807.46 7890.55 8697.67 4734.35 8704.94 3955.38 7938.59 8911.84 9109.37 8476.24 9390.92 7927.36 5361.06 9042.08 6878.83 7083.14 4979.90 9486.98 
3159.44 2225.88 5161.90 6290.32 4741.61 4279.17 5993.67 0.00 4462.52 4320.29 5024.85 2649.95 1592.01 4345.04 6097.73 4303.09 3470.42 4917.83 5030.26 2705.47 2922.73 6766.22 2845.06 2727.37 3312.47 3926.58 3823.90 6034.19 5168.04 1527.93 3162.40 4779.31 6010.96 1971.70 4337.67 5117.14 3210.56 5111.86 3351.90 5063.58 3914.95 3627.12 4097.36 2355.61 5608.43 3879.04 2923.42 5737.28 4381.07 4640.02 1394.94 6090.91 4299.31 4645.94 4430.84 4018.77 4597.41 4312.71 1599.80 2086.52 2744.37 2829.87 2783.68 2920.02 2481.70 5975.53 6734.11 1191.26 3588.33 2861.14 5015.00 2953.78 335.55 5368.71 5450.94 6267.20 3392.69 2771.28 438.82 4198.78 2522.37 1361.04 7009.61 3896.57 3776.12 3692.25 4173.90 8017.17 4997.46 7184.49 3035.00 4451.99 4643.31 4798.18 4447.39 4795.36 6045.07 3257.66 2469.72 6546.41 4412.53 1416.44 7853.03 4484.10 7082.59 1259.48 4305.60 4117.39 6853.77 7573.74 3116.84 3151.01 4485.21 4874.21 1740.99 7693.08 4660.80 4332.89 4873.60 3642.33 
7149.97 2452.91 4705.93 4915.54 8975.39 5483.59 4705.57 4462.52 0.00 8648.93 4422.34 2861.87 5719.11 7298.48 6250.27 380.99 4211.67 6175.58 6522.50 4274.89 4645.61 5803.43 6426.17 6614.81 7513.02 7055.34 7910.22 8895.59 5735.14 5929.14 4389.82 9228.07 4679.99 3392.59 127.75 7113.59 7125.28 8712.01 7395.32 6933.20 2267.99 1902.57 3358.49 3253.61 7063.83 2068.38 2403.62 8958.59 8469.40 1784.71 3643.72 7974.50 8215.65 3259.02 8572.60 7603.18 8784.56 1526.36 3548.41 2449.97 2268.27 7103.25 4588.57 3754.14 6502.51 8791.62 8844.65 3412.33 1361.43 7322.66 7095.94 6368.38 4491.75 1023.99 3066.78 7698.78 7783.55 2128.52 4431.33 8249.36 4642.04 4325.60 6060.94 7074.17 7260.15 8152.71 744.25 8102.73 2053.18 6351.01 7303.16 1255.91 4431.25 8666.50 7030.83 4048.93 9254.96 7716.74 2624.03 8626.17 930.45 3526.31 11634.17 8591.65 10672.63 3780.77 8696.56 6175.95 10181.56 11075.09 6918.03 7607.97 8945.89 8882.13 2762.37 11207.28 8279.14 8153.86 454.73 6584.00 
3936.83 6545.56 7386.19 8711.06 609.42 5658.47 8453.13 4320.29 8648.93 0.00 7415.61 6160.68 2933.83 3527.88 7430.65 8544.51 5874.94 5817.91 5615.70 5166.76 5011.35 8751.14 2738.02 4141.25 3364.35 5615.58 1154.38 4260.38 6576.97 3274.42 5447.61 1182.91 8492.67 5436.50 8521.28 5067.40 1912.91 5393.17 3822.47 5200.96 7448.41 7358.60 7060.97 6532.41 5904.34 8181.56 6600.42 3506.22 3916.22 8958.24 5604.35 5646.32 1544.70 7691.17 3762.36 2361.57 3661.78 8113.01 5176.30 6199.01 7059.73 3156.15 4947.73 6888.91 3884.22 4300.85 5723.14 5238.77 7545.33 1981.01 4925.76 2958.14 4201.15 9612.95 8711.07 6270.35 973.06 7091.23 4535.92 1152.48 6052.11 4404.19 8911.86 5538.00 2593.88 1364.68 8220.86 8767.79 8634.89 8948.36 1351.38 8767.36 6957.40 1746.74 4101.53 7391.47 3688.21 1861.07 6767.22 5651.62 8393.41 5663.09 4064.15 961.05 3722.36 4893.24 405.39 4719.76 3997.09 4258.31 4332.19 1953.08 1365.63 1385.35 6041.26 4335.34 2322.18 1799.64 9085.48 5737.98 
8126.38 4886.33 285.47 1329.88 7440.07 1956.01 1049.92 5024.85 4422.34 7415.61 0.00 2624.60 5029.17 4491.78 1836.06 4685.37 1647.35 2324.39 2721.11 2465.86 2471.84 1764.55 4677.93 7736.88 8147.94 8914.62 6316.99 5587.64 1556.91 6320.80 2059.50 8429.36 1084.57 3097.23 4353.73 3509.50 5505.01 10122.57 8287.58 3285.37 2195.01 2654.55 1180.21 5913.21 3083.08 5949.25 2700.52 5985.36 9238.13 6069.18 5478.44 4085.88 6270.47 1182.46 9244.52 5386.04 9359.77 2907.10 3453.70 3808.55 5273.33 7634.76 2571.00 6683.13 7468.80 5462.74 4968.02 4048.77 3252.66 7116.16 3565.45 4460.69 4763.67 5265.21 1950.08 3587.50 6925.44 5134.31 5360.40 6509.67 6994.18 3777.40 2021.79 8892.13 5040.49 7659.69 3683.28 3703.99 2674.42 2240.95 6228.66 5548.31 458.53 6544.22 3964.61 375.20 6214.72 7492.88 5401.55 4760.30 3517.75 5374.23 8940.26 6875.09 7840.98 3771.89 7661.84 3011.93 7119.02 8091.76 8130.68 7430.89 8341.63 6931.54 4567.75 8224.11 5911.42 6086.21 4768.26 8578.82 
5806.54 2317.88 2833.85 3763.77 6390.82 2825.92 3470.40 2649.95 2861.87 6160.68 2624.60 0.00 3290.36 4437.12 4138.39 2935.32 1552.51 3557.64 3852.34 1416.48 1793.87 4381.30 3679.13 5356.60 5950.14 6387.48 5271.93 6041.78 3365.24 4126.25 1596.36 6938.16 3478.64 751.57 2744.12 4344.18 4446.37 7726.33 6001.78 4184.31 1325.40 1204.38 1525.53 3308.72 4434.94 3665.21 473.14 6098.42 7026.75 4035.34 2862.41 5261.19 5490.53 2013.28 7069.46 4804.03 7225.50 1959.18 1094.93 1210.35 2779.46 5455.88 1729.02 4083.31 5125.98 5940.17 6101.16 1515.27 1529.31 5247.13 4309.17 3583.59 2474.28 3884.29 2809.72 5107.35 5413.13 2661.21 2898.52 5579.61 4373.61 1783.17 4642.39 6372.59 4451.41 5967.46 2234.82 6127.83 2495.07 4865.43 4819.81 3591.12 2356.16 5912.13 4177.69 2318.11 6393.79 5650.67 2843.36 5884.42 2322.46 2754.95 8816.02 5939.21 7830.78 1446.76 6288.05 3358.30 7321.72 8222.24 5738.04 5562.08 6736.33 6173.51 1948.59 8354.96 5470.24 5398.67 3312.93 6021.15 
3410.34 3727.17 5081.90 6358.48 3266.83 3706.48 6073.23 1592.01 5719.11 2933.83 5029.17 3290.36 0.00 2967.45 5629.21 5626.84 3383.77 4185.99 4179.24 2574.43 2576.28 6627.67 1365.85 3191.65 3254.25 4702.32 2265.27 4585.82 4681.05 1622.19 2970.77 3647.81 6103.13 2545.67 5591.38 4042.56 1618.63 5430.50 3501.65 4048.41 4607.99 4467.62 4402.73 3947.42 4692.44 5426.15 3706.97 4208.75 4317.96 6150.76 2986.16 4961.89 2710.98 5024.20 4293.16 2458.35 4378.62 5216.81 2257.41 3270.71 4279.13 2748.33 2464.66 4486.26 2871.10 4542.22 5482.54 2317.15 4619.07 2087.84 3918.27 1544.55 1367.64 6692.74 5987.77 5290.23 2125.83 4284.96 1951.35 2633.32 3942.98 1507.44 6838.97 4649.49 2252.05 2705.53 5289.04 7384.21 5785.19 6954.17 1584.58 5909.27 4585.57 3208.38 3210.57 4905.98 4512.04 2470.70 4032.96 5316.00 5468.39 3007.79 6265.58 2940.28 5492.28 1961.57 3016.07 3177.20 5288.76 5986.76 3569.17 2403.84 3456.61 3304.18 3187.36 6105.01 3081.66 2740.90 6158.64 4560.96 
6157.59 6028.72 4370.92 5644.80 3311.93 2539.96 5433.15 4345.04 7298.48 3527.88 4491.78 4437.12 2967.45 0.00 4028.71 7351.67 3351.85 2439.34 2161.63 3033.15 2681.41 5481.25 1612.08 6050.04 5829.62 7608.51 2394.31 1712.26 3286.64 4527.91 3022.52 4702.40 5480.88 3982.33 7179.74 1540.78 1918.12 8082.39 6183.35 1686.84 5395.46 5531.51 4600.25 6576.77 2381.68 7717.67 4901.24 1663.82 6759.33 8284.42 5664.87 2200.70 2047.97 5165.86 6671.21 1166.41 6669.14 6226.69 3964.94 5156.84 6608.04 5385.37 2719.53 7230.00 5725.56 1640.74 2550.12 4457.11 5959.67 4309.16 1399.89 1425.39 4029.38 8321.36 6203.83 2757.14 3524.25 6558.37 4770.22 2400.89 6844.11 3349.98 5600.68 7549.56 988.44 4382.26 6658.54 5240.37 6488.46 5588.23 2884.23 7910.67 4069.52 2163.01 600.09 4600.45 1956.71 4531.11 6467.22 2405.15 6703.79 5646.40 4516.35 2709.34 3459.42 3910.42 3889.20 1481.25 2886.88 3807.27 6399.12 4537.22 4795.42 2602.35 5463.57 3941.18 1472.28 1807.32 7750.03 7506.10 
8983.68 6456.12 1550.59 2121.02 7304.48 1923.06 2070.45 6097.73 6250.27 7430.65 1836.06 4138.39 5629.21 4028.71 0.00 6501.81 2704.19 1614.02 1869.80 3396.63 3189.11 1567.08 4836.80 8673.77 8881.52 10015.24 6277.32 4584.49 950.71 7144.07 2943.21 8557.25 2122.91 4389.74 6177.76 2610.01 5571.70 11014.00 9103.53 2405.44 4000.04 4436.00 2927.72 7426.22 1861.26 7682.01 4340.09 5173.52 9946.64 7863.09 6846.11 2772.91 6049.12 3017.87 9916.71 5138.08 9988.61 4741.08 4688.39 5346.82 6904.98 8372.48 3326.03 8201.46 8374.96 4458.06 3568.94 5345.26 5037.46 7617.94 2724.81 4580.96 5788.45 7101.22 3660.81 2093.16 7167.37 6777.98 6494.24 6369.22 8353.51 4742.78 1619.58 9980.81 4852.35 7987.48 5508.39 1990.98 4488.17 1565.23 6456.98 7349.72 1856.75 6191.05 3429.32 2204.69 5333.88 7949.66 6981.73 3389.80 5351.86 6757.87 8076.63 6704.57 6961.27 4937.97 7747.21 2713.59 6146.98 7106.40 9068.60 7912.84 8562.53 6630.58 6055.54 7231.51 5494.22 5820.63 6602.81 9739.62 
6891.31 2207.42 4966.54 5239.59 8892.36 5641.54 5021.07 4303.09 380.99 8544.51 4685.37 2935.32 5626.84 7351.67 6501.81 0.00 4357.18 6346.64 6682.73 4350.89 4729.17 6117.03 6405.46 6352.52 7275.14 6737.32 7846.59 8975.68 5947.81 5737.80 4502.69 9081.37 4997.57 3398.01 369.34 7244.94 7077.85 8409.55 7139.82 7071.60 2502.49 2094.17 3587.01 2938.45 7236.30 1687.92 2497.90 9004.81 8211.56 1436.50 3394.93 8126.87 8177.75 3539.12 8320.67 7598.62 8537.61 1825.51 3515.77 2363.99 1959.74 6878.82 4662.16 3405.36 6253.71 8874.87 8988.52 3309.81 1511.42 7153.32 7220.23 6362.89 4358.92 1069.31 3412.89 7882.03 7660.14 1829.38 4238.12 8193.20 4319.67 4280.92 6376.90 6758.58 7261.95 7994.21 1014.97 8380.51 2405.45 6663.98 7205.92 902.46 4665.21 8638.01 7112.36 4310.39 9304.73 7542.74 2322.84 8770.33 1258.61 3281.61 11631.62 8528.84 10689.99 3719.18 8575.10 6284.09 10225.53 11104.68 6645.07 7431.83 8786.68 8835.92 2574.18 11236.00 8277.58 8127.54 595.52 6261.68 
6513.77 3820.61 1726.30 2975.28 5959.21 1290.70 2689.47 3470.42 4211.67 5874.94 1647.35 1552.51 3383.77 3351.85 2704.19 4357.18 0.00 2014.29 2330.26 820.46 864.17 3319.55 3151.60 6145.28 6512.04 7394.50 4819.69 4784.42 1851.47 4693.51 429.25 6841.97 2719.60 1686.02 4107.67 2904.77 3986.19 8524.62 6666.14 2721.63 2088.63 2323.72 1262.81 4748.11 2899.24 5216.81 1893.03 4987.71 7601.13 5555.67 4141.95 3769.69 4861.70 1866.50 7603.51 4031.10 7715.38 2942.10 1988.67 2714.60 4314.20 5998.18 941.86 5520.82 5866.72 4671.32 4634.13 2641.87 2855.35 5471.47 2894.01 2962.64 3184.84 5202.10 2913.42 3564.46 5322.24 4202.70 3841.21 5052.82 5650.19 2163.97 3554.03 7366.01 3670.86 6033.39 3500.74 4685.46 3138.50 3717.32 4637.50 5089.06 1214.00 5198.57 2952.15 1536.85 5259.85 5850.72 4345.32 4415.73 3477.99 4054.28 7864.50 5422.77 6810.58 2257.62 6094.25 2019.62 6194.93 7141.21 6540.93 5786.90 6732.11 5543.93 3379.85 7275.47 4632.07 4708.33 4640.27 7090.34 
7590.24 5758.44 2125.83 3289.49 5692.63 734.18 3115.07 4917.83 6175.58 5817.91 2324.39 3557.64 4185.99 2439.34 1614.02 6346.64 2014.29 0.00 397.27 2383.68 2055.40 3044.69 3262.37 7329.07 7430.02 8753.62 4664.16 3277.51 872.72 5767.14 2012.96 6949.67 3166.44 3533.23 6078.31 1193.02 3970.27 9615.21 7687.54 967.32 3953.22 4273.04 2910.04 6612.60 889.68 7221.34 3906.23 3740.94 8473.27 7569.34 5890.02 1830.93 4440.17 3306.29 8429.21 3527.82 8484.42 4799.71 3743.41 4673.61 6280.06 6929.66 2190.04 7370.11 7017.85 3151.38 2719.99 4401.68 4836.18 6093.58 1265.01 3003.22 4588.49 7138.68 4242.22 1550.46 5581.13 6178.07 5343.45 4756.18 7339.67 3569.86 3161.46 8711.48 3238.51 6412.51 5445.79 3198.27 4804.78 3157.07 4874.11 7098.98 2005.51 4600.35 1846.38 2555.72 3944.99 6407.69 6275.42 2504.07 5379.29 5822.01 6694.56 5093.65 5583.40 3908.10 6137.99 1109.51 4826.47 5800.22 7718.10 6378.79 6965.54 5033.47 5272.00 5931.11 3911.39 4215.08 6588.74 8525.56 
7589.39 6003.59 2519.36 3660.06 5455.68 1041.24 3494.97 5030.26 6522.50 5615.70 2721.11 3852.34 4179.24 2161.63 1869.80 6682.73 2330.26 397.27 0.00 2605.90 2251.65 3364.55 3153.15 7353.98 7396.68 8810.16 4461.98 2889.45 1241.89 5784.51 2275.01 6764.77 3546.84 3767.75 6422.70 807.45 3810.35 9605.19 7674.03 582.53 4317.08 4621.54 3287.35 6824.14 600.04 7505.59 4221.16 3377.21 8422.76 7880.36 6067.98 1457.84 4194.87 3697.78 8369.41 3288.90 8412.73 5167.51 3950.05 4934.29 6537.30 6903.65 2379.09 7572.83 7038.14 2762.89 2342.33 4598.55 5175.27 6014.40 893.14 2892.91 4696.86 7494.68 4638.94 1283.51 5439.55 6441.17 5462.57 4527.17 7490.97 3704.30 3462.71 8764.93 3022.68 6282.72 5797.68 3250.89 5191.27 3433.43 4740.44 7418.43 2401.28 4322.36 1561.59 2952.29 3571.63 6311.96 6514.89 2125.00 5741.07 6006.35 6324.30 4853.76 5211.00 4086.35 5949.86 1008.69 4443.62 5416.89 7738.55 6290.20 6803.13 4763.93 5501.28 5547.22 3624.55 3961.51 6940.96 8602.09 
5703.27 3400.22 2545.05 3791.36 5299.72 1670.53 3503.33 2705.47 4274.89 5166.76 2465.86 1416.48 2574.43 3033.15 3396.63 4350.89 820.46 2383.68 2605.90 0.00 385.76 4131.90 2494.12 5345.41 5692.65 6630.45 4158.26 4625.33 2479.70 3877.73 457.33 6089.51 3531.87 1163.00 4158.45 2988.47 3317.47 7719.41 5851.74 2849.84 2425.61 2506.86 1894.81 4229.12 3205.40 4949.02 1872.03 4696.87 6781.38 5400.69 3523.05 3939.36 4274.02 2525.39 6783.12 3507.36 6895.07 3223.33 1361.58 2349.79 3941.84 5178.67 314.09 4986.76 5061.88 4524.01 4748.05 2023.58 2928.19 4661.71 2938.84 2342.28 2404.53 5295.32 3546.36 3889.00 4560.07 3852.54 3097.66 4422.69 5001.00 1365.92 4361.91 6598.76 3146.77 5245.91 3625.49 5340.06 3583.21 4514.36 3890.73 4979.64 2034.34 4654.69 2761.49 2331.66 4988.74 5044.67 3909.38 4534.23 3675.43 3449.22 7468.18 4791.65 6457.27 1558.15 5361.73 1970.56 5920.03 6832.66 5741.46 4978.14 5959.96 4962.30 2895.82 6966.03 4151.50 4148.58 4724.03 6344.82 
5823.79 3768.54 2507.87 3800.38 5104.33 1368.61 3521.47 2922.73 4645.61 5011.35 2471.84 1793.87 2576.28 2681.41 3189.11 4729.17 864.17 2055.40 2251.65 385.76 0.00 4055.58 2293.31 5493.20 5771.81 6828.36 3963.29 4250.43 2249.56 3985.88 436.32 5980.48 3554.78 1533.67 4530.44 2605.95 3127.13 7850.07 5958.51 2471.46 2731.32 2850.18 2082.03 4572.62 2851.62 5331.47 2242.13 4344.30 6854.63 5786.45 3834.62 3561.49 4030.67 2704.07 6844.95 3228.60 6943.66 3550.07 1698.45 2729.55 4315.66 5258.04 139.24 5323.37 5199.59 4147.59 4364.67 2350.22 3293.36 4655.97 2554.37 2113.64 2605.95 5663.88 3744.49 3534.74 4464.25 4229.25 3333.22 4205.85 5290.99 1561.89 4272.49 6793.00 2866.76 5188.19 3985.68 5094.49 3864.09 4402.29 3775.95 5364.61 2020.10 4388.70 2385.66 2394.88 4632.58 5027.29 4273.25 4151.31 4022.81 3767.13 7147.68 4575.94 6123.03 1853.13 5230.35 1585.00 5566.13 6487.40 5888.87 4968.63 5877.02 4716.70 3254.35 6621.12 3855.77 3889.62 5092.95 6562.91 
9833.18 6605.92 1604.33 924.82 8684.56 3093.57 1098.15 6766.22 5803.43 8751.14 1764.55 4381.30 6627.67 5481.25 1567.08 6117.03 3319.55 3044.69 3364.55 4131.90 4055.58 0.00 6061.26 9461.92 9818.42 10670.53 7610.50 6148.46 2200.60 8009.56 3690.49 9835.24 1126.10 4857.88 5759.43 4142.37 6850.66 11843.33 9983.62 3928.58 3754.48 4240.90 2887.89 7646.56 3424.93 7535.25 4417.90 6719.62 10904.66 7545.55 7240.29 4335.44 7449.88 2639.23 10898.87 6537.49 10999.24 4291.79 5210.37 5548.64 6957.76 9304.24 4174.82 8411.06 9185.65 6021.77 5109.22 5812.47 4810.65 8694.31 4247.75 5818.53 6493.76 6501.08 2824.41 3634.97 8380.91 6812.42 7113.04 7743.30 8754.42 5483.01 267.23 10646.58 6225.48 9163.20 5103.69 2511.50 3811.53 547.66 7670.59 7012.75 2123.02 7637.33 4890.83 2066.88 6889.71 9054.33 7112.47 4938.34 4873.00 7134.90 9637.26 8092.97 8521.46 5521.24 9039.31 4067.56 7712.15 8672.90 9857.16 9002.78 9796.29 8063.80 6315.20 8798.24 6953.43 7234.53 6076.95 10340.09 
4591.34 4768.92 4653.82 5978.03 2812.00 2975.88 5717.31 2845.06 6426.17 2738.02 4677.93 3679.13 1365.85 1612.08 4836.80 6405.46 3151.60 3262.37 3153.15 2494.12 2293.31 6061.26 0.00 4453.29 4314.18 6003.32 1670.33 3223.54 3932.01 2918.22 2728.44 3776.89 5756.31 3039.93 6300.45 2843.47 834.67 6558.14 4637.32 2894.88 4880.47 4875.81 4368.42 5165.00 3585.61 6487.66 4147.66 2892.81 5302.40 7141.40 4219.38 3698.84 1811.48 4994.45 5237.05 1221.97 5268.69 5624.41 2889.89 4070.62 5345.04 3844.75 2244.14 5764.33 4128.68 3177.53 4151.26 3219.91 5176.11 2869.55 2708.04 260.35 2555.81 7440.44 6029.65 4117.86 2332.96 5321.94 3249.02 1929.55 5290.74 2139.83 6237.43 5945.69 936.83 3152.15 5880.46 6403.54 6057.48 6299.40 1621.34 6831.26 4219.62 2242.35 1928.41 4656.58 3201.21 3158.91 5150.37 3994.96 5996.67 4219.65 5234.57 2297.92 4346.05 2719.85 2991.39 2160.79 4030.27 4806.10 4810.66 3138.91 3739.90 2495.94 4202.70 4931.49 1898.85 1728.78 6879.67 5894.36 
544.25 4162.62 7860.09 9014.38 4739.84 6779.17 8717.89 2727.37 6614.81 4141.25 7736.88 5356.60 3191.65 6050.04 8673.77 6352.52 6145.28 7329.07 7353.98 5345.41 5493.20 9461.92 4453.29 0.00 1084.06 1577.65 4393.52 7515.90 7725.71 1571.31 5798.92 3862.20 8736.03 4698.42 6504.26 7231.29 4278.11 2386.48 801.58 7240.06 6570.84 6228.38 6824.03 3522.25 7879.89 5280.22 5581.16 6970.38 1860.86 6129.20 2974.39 8136.07 5023.29 7364.62 1982.15 5245.49 2215.24 6846.00 4326.86 4577.48 4424.93 1007.54 5359.46 3471.19 324.64 7498.35 8599.32 3850.29 6065.93 2173.66 7105.01 4676.96 2973.28 7334.62 8128.66 8481.88 3259.64 4536.77 2463.50 4725.52 2410.17 3982.27 9699.07 1512.03 5174.30 2861.00 6532.51 10514.55 7578.28 9859.06 3487.72 6161.86 7341.49 5474.91 6370.49 7518.32 7241.82 2303.36 4058.26 8447.15 6817.32 3094.78 8201.56 4827.79 7753.77 3986.04 3880.03 6360.07 7831.97 8290.47 396.11 2199.13 3437.26 5312.40 3948.38 8383.27 5692.58 5186.93 6947.69 1604.46 
638.79 5068.25 8237.69 9459.70 3973.78 6959.62 9166.21 3312.47 7513.02 3364.35 8147.94 5950.14 3254.25 5829.62 8881.52 7275.14 6512.04 7430.02 7396.68 5692.65 5771.81 9818.42 4314.18 1084.06 0.00 2282.32 3855.36 7137.87 7932.19 1838.96 6128.28 2887.55 9189.78 5238.89 7397.31 7156.93 3942.63 2252.77 462.54 7199.39 7227.38 6931.20 7340.42 4530.63 7876.30 6302.96 6235.81 6513.06 1090.68 7151.28 3881.00 7998.75 4484.85 7918.13 1119.36 4879.62 1291.06 7595.33 4870.13 5329.28 5388.50 514.19 5647.68 4537.57 1047.87 7137.99 8360.24 4499.14 6840.40 1568.22 7022.08 4563.09 3479.24 8286.11 8758.22 8430.07 2610.55 5488.14 3164.81 4140.33 3486.81 4378.55 10041.32 2202.19 4882.20 2008.61 7362.05 10626.57 8299.22 10173.87 3029.60 7151.53 7725.69 4888.09 6233.51 7969.74 6760.43 1518.40 5026.00 8229.00 7630.25 3993.53 7410.02 4170.03 7071.26 4516.81 3046.08 6388.08 7251.30 7609.18 1072.21 1447.57 2454.87 4653.37 4780.23 7691.29 5221.39 4683.69 7870.03 2488.96 
1679.23 4710.26 9068.57 10138.09 6222.99 8160.78 9842.30 3926.58 7055.34 5615.58 8914.62 6387.48 4702.32 7608.51 10015.24 6737.32 7394.50 8753.62 8810.16 6630.45 6828.36 10670.53 6003.32 1577.65 2282.32 0.00 5956.00 9092.30 9077.86 3088.83 7087.71 5158.23 9854.29 5818.87 6961.73 8740.93 5855.22 1750.28 1821.06 8736.08 7475.98 7073.21 7905.71 3801.81 9355.03 5360.80 6521.36 8547.06 2344.98 6173.89 3639.70 9663.87 6587.86 8389.80 2544.15 6822.75 2800.91 7593.71 5461.10 5413.46 4787.16 2471.53 6690.54 3421.48 1896.57 9073.60 10154.37 4884.71 6793.68 3695.52 8618.64 6218.66 4227.81 7602.64 9036.56 9975.40 4784.88 4929.51 3558.65 6279.18 2418.73 5272.93 10918.70 81.53 6746.69 4278.27 7135.27 11908.83 8355.81 11102.28 5058.30 6339.74 8551.87 7030.68 7906.51 8658.13 8817.15 3754.52 4435.54 9997.56 7445.35 3763.67 9676.12 6360.26 9284.50 5151.14 5316.42 7832.65 9393.60 9822.45 1294.66 3664.82 4725.20 6846.27 4679.34 9911.05 7267.31 6757.36 7312.96 493.53 
4328.29 5992.39 6273.82 7597.88 1142.02 4521.32 7345.94 3823.90 7910.22 1154.38 6316.99 5271.93 2265.27 2394.31 6277.32 7846.59 4819.69 4664.16 4461.98 4158.26 3963.29 7610.50 1670.33 4393.52 3855.36 5956.00 0.00 3337.66 5429.46 3166.10 4397.96 2312.10 7386.95 4583.53 7782.78 3927.93 840.86 6049.57 4278.63 4054.91 6516.24 6476.18 6038.31 6156.47 4760.56 7687.84 5730.16 2665.21 4624.45 8415.95 5197.74 4552.09 633.23 6664.70 4503.00 1236.18 4455.20 7230.32 4370.55 5482.66 6542.28 3513.19 3914.01 6624.13 4092.28 3355.94 4708.12 4552.21 6725.18 2294.51 3785.73 1862.14 3628.80 8904.60 7698.94 5148.94 1272.42 6550.03 4128.62 378.36 5921.81 3588.95 7766.97 5884.62 1442.02 2086.93 7419.57 7627.10 7699.48 7798.89 924.80 8168.08 5860.38 1089.71 2956.83 6313.94 2905.68 2379.94 6287.97 4615.77 7563.01 5233.45 4058.89 682.25 3417.00 4131.00 1496.90 3568.10 3438.60 3944.52 4666.01 2424.70 2406.74 1054.02 5451.39 4048.07 1379.64 832.03 8357.71 5984.89 
7548.43 7735.43 5401.57 6538.15 3825.42 3699.75 6382.47 6034.19 8895.59 4260.38 5587.64 6041.78 4585.82 1712.26 4584.49 8975.68 4784.42 3277.51 2889.45 4625.33 4250.43 6148.46 3223.54 7515.90 7137.87 9092.30 3337.66 0.00 4128.27 6062.25 4526.15 5411.06 6434.60 5649.05 8780.80 2084.50 3238.65 9365.33 7535.19 2310.25 6872.39 7068.75 5963.00 8287.12 2723.66 9416.53 6492.45 808.83 7958.01 9963.21 7370.15 1908.27 2755.65 6463.39 7839.86 2273.46 7792.10 7723.40 5657.31 6839.49 8313.95 6744.60 4313.54 8933.34 7195.73 127.27 1563.89 6165.78 7540.39 5571.30 2022.19 3083.34 5724.91 9912.25 7458.57 2669.33 4607.33 8260.93 6452.60 3148.74 8511.33 5060.83 6199.04 9027.84 2361.76 5419.52 8225.80 5161.45 7890.03 6104.61 4108.38 9573.82 5228.03 2527.70 1864.80 5782.45 812.15 5705.87 8178.13 1569.99 8239.71 7354.34 3495.76 3302.67 2383.15 5617.46 4664.13 2765.18 1565.29 2533.76 7837.46 5740.55 5624.92 2953.53 7171.60 2662.43 1966.43 2517.15 9341.80 9037.61 
8033.18 5664.98 1319.84 2419.29 6490.15 978.60 2254.22 5168.04 5735.14 6576.97 1556.91 3365.24 4681.05 3286.64 950.71 5947.81 1851.47 872.72 1241.89 2479.70 2249.56 2200.60 3932.01 7725.71 7932.19 9077.86 5429.46 4128.27 0.00 6193.70 2034.46 7683.05 2306.34 3526.47 5649.26 2049.26 4692.55 10063.55 8152.84 1824.39 3469.26 3853.86 2381.25 6599.44 1529.35 6993.34 3630.37 4612.25 8998.95 7250.76 5972.09 2532.99 5250.79 2655.24 8970.87 4337.97 9045.63 4280.33 3803.55 4555.56 6144.26 7422.74 2387.66 7371.78 7425.90 4001.40 3412.15 4466.32 4445.57 6681.76 2131.47 3680.20 4854.46 6651.73 3506.65 2042.65 6264.87 6026.28 5571.18 5549.47 7468.29 3809.13 2340.23 9042.23 4029.88 7074.29 4992.35 2860.88 4174.07 2373.45 5553.05 6754.87 1341.73 5438.16 2702.33 1849.27 4812.21 7019.11 6190.64 3205.65 4881.93 5889.33 7563.78 5896.31 6451.39 4033.90 6878.76 1870.16 5685.01 6658.01 8120.26 6979.43 7669.61 5863.32 5231.28 6788.09 4757.58 5034.18 6122.26 8810.10 
1840.05 3564.41 6419.59 7627.15 3804.55 5235.89 7332.93 1527.93 5929.14 3274.42 6320.80 4126.25 1622.19 4527.91 7144.07 5737.80 4693.51 5767.14 5784.51 3877.73 3985.88 8009.56 2918.22 1571.31 1838.96 3088.83 3166.10 6062.25 6193.70 0.00 4321.48 3456.94 7355.68 3405.56 5806.98 5664.43 2862.22 3869.97 1974.86 5670.01 5420.05 5149.75 5501.62 3325.89 6308.60 5054.78 4433.63 5580.80 2928.04 5874.44 2462.63 6577.90 3762.35 6081.56 2953.67 3820.14 3100.61 5840.44 3039.05 3606.68 3996.54 1333.92 3856.56 3619.99 1253.65 6033.87 7069.02 2716.14 5113.84 1468.13 5539.49 3130.16 1652.14 6789.35 6935.94 6911.73 2301.85 4062.03 1499.82 3533.37 2791.96 2545.04 8237.96 3033.50 3701.26 2337.60 5685.73 8958.68 6520.22 8381.83 2245.82 5770.07 5904.76 4249.41 4817.99 6134.92 5867.97 1829.87 3663.49 6910.07 5932.42 2547.64 7180.00 3723.05 6582.75 2685.14 3146.49 4789.09 6541.94 7108.45 1954.05 1713.73 3109.64 4183.67 3168.20 7213.46 4341.26 3882.49 6322.09 2981.90 
6151.37 3745.64 2116.28 3389.36 5538.55 1282.26 3106.55 3162.40 4389.82 5447.61 2059.50 1596.36 2970.77 3022.52 2943.21 4502.69 429.25 2012.96 2275.01 457.33 436.32 3690.49 2728.44 5798.92 6128.28 7087.71 4397.96 4526.15 2034.46 4321.48 0.00 6412.77 3138.16 1529.12 4279.42 2749.66 3562.61 8170.31 6296.29 2587.96 2373.71 2542.60 1655.94 4617.76 2867.65 5231.86 2005.58 4676.14 7215.32 5631.10 3946.09 3666.25 4454.79 2273.54 7212.64 3638.73 7319.08 3211.65 1776.23 2662.91 4268.63 5614.10 514.58 5382.62 5513.50 4417.74 4505.11 2440.80 3028.76 5056.99 2719.05 2544.97 2861.84 5398.04 3316.83 3547.95 4893.62 4169.09 3552.43 4636.93 5435.58 1822.16 3916.62 7056.08 3277.29 5608.47 3703.78 4895.13 3477.20 4063.44 4208.28 5186.32 1614.98 4803.18 2669.73 1964.70 4956.76 5433.41 4263.50 4288.23 3714.11 3867.42 7518.90 5007.02 6479.23 1999.71 5665.27 1786.14 5892.51 6827.21 6195.02 5371.49 6304.25 5139.33 3265.62 6961.31 4253.67 4308.00 4829.89 6800.75 
3520.38 6971.19 8421.27 9742.60 1601.02 6743.96 9475.73 4779.31 9228.07 1182.91 8429.36 6938.16 3647.81 4702.40 8557.25 9081.37 6841.97 6949.67 6764.77 6089.51 5980.48 9835.24 3776.89 3862.20 2887.55 5158.23 2312.10 5411.06 7683.05 3456.94 6412.77 0.00 9512.79 6192.40 9101.85 6239.18 2990.50 4606.15 3342.00 6366.89 8254.62 8110.62 7976.70 6779.58 7072.66 8510.32 7350.64 4638.25 3133.78 9324.82 5914.21 6829.22 2725.37 8606.34 2950.65 3537.56 2792.60 8856.12 5892.28 6798.32 7436.21 2862.05 5901.72 7012.96 3674.96 5457.97 6894.72 5836.54 8227.20 1989.54 6097.11 4016.79 4737.77 10147.85 9601.07 7450.29 1535.03 7491.21 4897.80 2335.02 6066.82 5155.11 10006.28 5077.17 3752.52 1119.82 8873.12 9938.96 9432.97 10056.40 2204.55 9196.63 7971.24 2883.61 5268.92 8375.26 4796.40 1662.03 7112.21 6827.97 9075.38 5993.48 4692.63 2113.80 4585.71 5576.09 815.77 5843.84 4995.89 5103.16 3949.75 1781.84 433.11 2474.58 6517.94 5159.40 3495.24 2980.67 9647.41 5374.62 
9143.13 5606.75 1120.50 285.33 8504.21 2947.27 53.52 6010.96 4679.99 8492.67 1084.57 3478.64 6103.13 5480.88 2122.91 4997.57 2719.60 3166.44 3546.84 3531.87 3554.78 1126.10 5756.31 8736.03 9189.78 9854.29 7386.95 6434.60 2306.34 7355.68 3138.16 9512.79 0.00 4049.45 4638.10 4354.14 6580.62 11122.06 9312.75 4128.75 2686.26 3174.41 1953.17 6660.43 3786.99 6444.85 3440.38 6901.64 10280.45 6429.03 6331.59 4775.56 7319.40 1578.55 10292.90 6425.36 10414.42 3173.96 4417.21 4588.75 5922.05 8678.08 3651.40 7413.74 8477.57 6307.73 5623.21 4969.58 3725.90 8190.94 4431.40 5535.45 5767.53 5377.44 1711.34 4166.82 8009.98 5772.65 6321.48 7570.01 7830.00 4811.40 1381.03 9836.33 6085.91 8742.97 3986.07 3565.45 2686.97 1673.40 7312.79 5895.50 1541.80 7574.16 4927.52 1221.17 7111.04 8570.17 6100.32 5429.53 3749.82 6220.05 9858.32 7933.35 8748.73 4751.50 8743.11 4002.59 7990.42 8963.72 9127.16 8506.48 9426.20 7972.04 5363.33 9094.01 6925.40 7127.66 4950.85 9497.12 
5127.37 2237.24 3262.69 4330.98 5688.91 2808.02 4034.34 1971.70 3392.59 5436.50 3097.23 751.57 2545.67 3982.33 4389.74 3398.01 1686.02 3533.23 3767.75 1163.00 1533.67 4857.88 3039.93 4698.42 5238.89 5818.87 4583.53 5649.05 3526.47 3405.56 1529.12 6192.40 4049.45 0.00 3267.99 4134.37 3771.26 7081.01 5312.71 4004.62 2076.95 1924.83 2125.70 3089.02 4366.75 3812.51 1164.75 5621.06 6321.79 4315.27 2456.79 5094.67 4841.89 2681.85 6356.98 4210.66 6505.92 2677.61 372.24 1206.93 2782.02 4738.88 1422.94 3855.55 4452.16 5556.57 5889.12 965.61 2144.15 4496.96 4076.40 2975.81 1760.83 4412.13 3540.28 5050.19 4670.84 2697.17 2272.56 4904.32 3968.62 1039.11 5109.97 5797.61 3868.89 5216.30 2844.47 6371.09 3243.71 5306.96 4090.25 3928.88 2751.72 5282.28 3808.70 2842.09 5924.25 4900.21 2747.19 5677.40 2979.48 2368.27 8242.43 5258.04 7292.11 722.59 5552.16 3101.97 6837.89 7708.15 5086.46 4812.34 5986.36 5517.43 1738.79 7839.18 4887.18 4768.68 3847.09 5482.24 
7038.49 2341.65 4636.47 4877.66 8847.66 5382.96 4662.46 4337.67 127.75 8521.28 4353.73 2744.12 5591.38 7179.74 6177.76 369.34 4107.67 6078.31 6422.70 4158.45 4530.44 5759.43 6300.45 6504.26 7397.31 6961.73 7782.78 8780.80 5649.26 5806.98 4279.42 9101.85 4638.10 3267.99 0.00 7007.61 6998.31 8612.27 7283.10 6828.64 2186.66 1806.97 3276.47 3161.12 6967.13 2033.33 2288.36 8839.18 8357.50 1803.44 3531.61 7873.18 8089.13 3197.10 8459.42 7478.66 8670.36 1471.58 3421.63 2322.35 2175.15 6985.34 4471.92 3677.87 6389.09 8677.31 8741.58 3284.87 1253.54 7198.15 6988.54 6243.66 4365.22 1145.79 3044.46 7604.98 7656.36 2032.50 4309.81 8122.13 4551.25 4198.50 6018.34 6979.59 7136.10 8027.29 670.54 8041.21 2036.18 6306.73 7175.45 1270.10 4351.78 8540.48 6916.00 3979.51 9136.02 7592.59 2527.43 8523.13 892.39 3413.46 11510.04 8464.25 10550.21 3653.18 8569.28 6065.34 10061.98 10953.93 6809.98 7484.03 8820.48 8755.28 2641.30 11086.04 8154.90 8027.94 579.31 6492.34 
7412.78 6357.83 3317.92 4466.62 4845.34 1686.18 4302.32 5117.14 7113.59 5067.40 3509.50 4344.18 4042.56 1540.78 2610.01 7244.94 2904.77 1193.02 807.45 2988.47 2605.95 4142.37 2843.47 7231.29 7156.93 8740.93 3927.93 2084.50 2049.26 5664.43 2749.66 6239.18 4354.14 4134.37 7007.61 0.00 3373.37 9397.24 7471.43 225.78 4966.05 5228.28 3981.59 7097.03 843.91 7937.28 4752.20 2580.14 8141.66 8374.31 6276.32 981.87 3582.80 4436.33 8070.49 2706.71 8090.41 5822.20 4254.64 5335.10 6913.63 6682.92 2711.51 7820.53 6909.05 1958.36 1760.45 4868.79 5754.09 5698.09 142.59 2594.04 4782.01 8106.87 5405.22 1275.31 5008.48 6831.48 5555.86 3941.12 7628.75 3868.78 4224.40 8689.66 2496.01 5864.90 6405.51 3700.42 5905.18 4171.71 4335.51 7935.24 3166.16 3649.23 976.54 3720.66 2766.77 5959.81 6851.78 1545.87 6376.04 6228.98 5520.22 4243.67 4406.03 4329.16 5424.66 1042.08 3636.28 4609.66 7603.58 5952.23 6318.95 4101.58 5826.46 4740.13 2943.70 3337.35 7544.56 8575.26 
4318.27 5303.81 5473.30 6798.18 1982.35 3757.32 6540.82 3210.56 7125.28 1912.91 5505.01 4446.37 1618.63 1918.12 5571.70 7077.85 3986.19 3970.27 3810.35 3317.47 3127.13 6850.66 834.67 4278.11 3942.63 5855.22 840.86 3238.65 4692.55 2862.22 3562.61 2990.50 6580.62 3771.26 6998.31 3373.37 0.00 6191.65 4319.02 3467.50 5679.95 5649.61 5199.15 5566.05 4175.17 7016.08 4908.27 2718.77 4845.58 7715.18 4604.76 4117.49 1112.19 5826.23 4754.27 967.74 4751.14 6402.57 3577.38 4718.57 5867.22 3522.81 3075.13 6094.73 3958.87 3224.70 4420.27 3811.92 5915.38 2399.82 3231.55 1045.34 2973.80 8128.46 6859.14 4636.44 1637.66 5862.33 3562.64 1133.87 5490.54 2800.23 7017.94 5790.14 943.25 2492.08 6614.03 7034.90 6862.01 7065.92 967.93 7441.21 5047.14 1599.85 2401.47 5489.71 3006.18 2613.04 5636.33 4295.00 6748.22 4625.82 4657.63 1493.35 3875.32 3359.41 2188.86 2861.27 3714.56 4374.42 4599.25 2619.85 2996.08 1758.15 4749.51 4491.00 1497.17 1122.36 7575.62 5814.72 
2030.51 6307.80 10242.99 11400.65 5988.02 9103.57 11104.13 5111.86 8712.01 5393.17 10122.57 7726.33 5430.50 8082.39 11014.00 8409.55 8524.62 9615.21 9605.19 7719.41 7850.07 11843.33 6558.14 2386.48 2252.77 1750.28 6049.57 9365.33 10063.55 3869.97 8170.31 4606.15 11122.06 7081.01 8612.27 9397.24 6191.65 0.00 1931.40 9432.48 8910.26 8544.26 9205.73 5473.88 10100.92 7091.29 7927.73 8714.72 1483.16 7912.52 5167.10 10248.97 6668.59 9738.27 1656.66 7119.86 1824.38 9122.68 6710.07 6878.90 6450.08 2714.32 7718.73 5154.19 2657.95 9370.42 10611.16 6213.26 8328.88 3800.12 9263.76 6803.84 5359.37 9309.22 10473.77 10667.78 4780.60 6584.75 4827.82 6304.23 4119.67 6360.65 12078.51 1705.99 7132.78 4046.86 8731.32 12812.69 9871.65 12233.50 5264.71 8059.26 9724.70 7037.18 8481.87 9904.70 8949.20 3669.95 6089.35 10481.24 9032.02 5292.31 9297.34 6282.95 9104.92 6371.19 5022.14 8598.88 9374.47 9636.94 1995.03 3627.15 4203.72 6753.30 6193.89 9706.23 7427.32 6881.60 8993.81 2242.70 
259.70 4942.50 8391.58 9586.75 4431.82 7187.49 9291.52 3351.90 7395.32 3822.47 8287.58 6001.78 3501.65 6183.35 9103.53 7139.82 6666.14 7687.54 7674.03 5851.74 5958.51 9983.62 4637.32 801.58 462.54 1821.06 4278.63 7535.19 8152.84 1974.86 6296.29 3342.00 9312.75 5312.71 7283.10 7471.43 4319.02 1931.40 0.00 7503.45 7251.09 6930.21 7431.94 4323.47 8169.99 6081.59 6258.20 6926.92 1075.04 6930.52 3751.62 8334.01 4910.46 7993.63 1183.35 5268.25 1413.70 7570.07 4940.88 5297.82 5220.44 798.22 5830.10 4261.24 903.89 7531.14 8724.68 4517.75 6799.68 1984.19 7338.90 4880.03 3556.11 8129.27 8798.11 8740.19 3048.42 5329.75 3146.97 4573.67 3192.31 4510.30 10212.65 1740.70 5251.94 2469.71 7289.25 10885.65 8290.65 10356.45 3430.19 6962.19 7875.77 5323.70 6564.49 8091.62 7179.68 1969.68 4854.28 8587.58 7567.95 3869.74 7871.49 4615.45 7523.62 4591.24 3507.66 6667.53 7689.42 8061.73 660.21 1892.50 2908.93 5099.98 4701.05 8145.07 5635.37 5102.84 7735.29 2044.68 
7437.22 6235.73 3092.51 4242.46 4998.70 1481.76 4076.98 5063.58 6933.20 5200.96 3285.37 4184.31 4048.41 1686.84 2405.44 7071.60 2721.63 967.32 582.53 2849.84 2471.46 3928.58 2894.88 7240.06 7199.39 8736.08 4054.91 2310.25 1824.39 5670.01 2587.96 6366.89 4128.75 4004.62 6828.64 225.78 3467.50 9432.48 7503.45 0.00 4770.60 5042.72 3775.34 6997.03 708.72 7796.93 4583.77 2799.03 8197.21 8218.52 6192.31 1090.06 3734.77 4221.40 8131.21 2846.01 8158.05 5626.13 4140.95 5199.59 6786.51 6719.24 2583.18 7727.96 6919.23 2184.07 1918.54 4765.69 5575.60 5761.10 319.79 2640.26 4728.03 7921.92 5185.21 1241.83 5105.12 6700.70 5501.56 4085.13 7565.50 3790.21 4015.54 8686.47 2615.41 5958.83 6220.69 3575.90 5696.02 3969.63 4422.62 7773.49 2945.62 3822.16 1099.58 3499.80 2989.70 6033.97 6734.77 1701.04 6184.85 6141.10 5742.79 4396.15 4629.09 4231.68 5551.35 951.02 3861.72 4835.18 7616.29 6022.13 6433.84 4271.40 5711.07 4965.72 3118.15 3492.89 7361.41 8558.35 
7044.26 2971.21 2472.24 2959.23 7648.15 3293.57 2696.73 3914.95 2267.99 7448.41 2195.01 1325.40 4607.99 5395.46 4000.04 2502.49 2088.63 3953.22 4317.08 2425.61 2731.32 3754.48 4880.47 6570.84 7227.38 7475.98 6516.24 6872.39 3469.26 5420.05 2373.71 8254.62 2686.26 2076.95 2186.66 4966.05 5679.95 8910.26 7251.09 4770.60 0.00 488.24 1090.50 4031.61 4834.49 3786.02 993.00 7049.67 8293.32 3874.21 3847.79 5774.93 6682.31 1115.60 8345.76 5932.65 8510.80 856.39 2413.64 2064.12 3243.60 6741.43 2721.98 4765.24 6360.95 6759.72 6657.25 2733.75 1064.97 6571.36 4966.49 4751.62 3770.84 3192.27 1564.73 5453.18 6725.70 3091.97 4110.61 6805.35 5284.43 3103.36 4021.13 7469.87 5572.28 7291.99 1524.08 5898.83 1186.61 4289.98 6117.19 3354.44 2165.26 7075.64 5031.63 1820.24 7329.03 6975.15 3442.86 6439.21 1426.56 3726.85 9878.96 7170.70 8849.28 2760.96 7591.29 4108.13 8264.87 9200.91 6941.30 6885.82 8058.96 7370.25 2820.76 9335.01 6576.12 6567.02 2654.35 7073.73 
